100
3
0
1
1
1
1
1
1
1
1
1
1
1
1
1
1
1
1
1
1
1
1
1
1
1
1
1
1
1
1
1
1
1
1
1
1
1
1
1
1
1
1
1
1
1
1
1
1
1
1
1
1
1
1
1
1
1
1
1
1
1
1
1
1
1
1
1
1
1
1
1
1
1
1
1
1
1
1
1
1
1
1
1
1
1
1
1
1
1
1
1
1
1
1
1
1
1
1
1
1
1
1
-0.4658445042891676 -0.31909810835976743 -0.5061768210709165
-0.342043607870714 0.6627341564336164 -0.3992648769756917
-0.1404950824267135 0.4417843745126353 0.09306061744525443
-0.18910524951291738 0.508700257012614 -0.1295211546200579
-0.5505080258232014 0.3361105671080375 0.19186756992939513
0.5401705274577124 -0.34096365741657536 0.6210994487779116
-0.4080923140723549 0.42254130546833574 0.5754469314172932
0.7484840676080653 0.26553043891029776 0.40780360104867597
0.06723743634217243 0.36918927314838057 -0.8838566809933806
-0.31252577550521904 -0.25608507336321557 0.4683558890991282
0.3304978845182638 -0.5904770673002644 -0.28661898955537557
-0.590256261141382 -0.690876888054141 -0.19279927905308272
0.8145468069470714 0.26066817745106013 0.21518433401567036
0.6236348410070319 0.1725888895222538 0.13312207771376394
-0.1017866980963522 0.1184345898262783 -0.2173485485669249
0.594149035664834 -0.29035701926428487 0.6750036485054732
-0.1366441392963621 -0.3145034626926536 0.8266736257846234
0.6097454738966708 0.6379146247614405 -0.2561110738014809
-0.25827717060324706 -0.41710232623916654 -0.6614102719080485
0.34182294348958464 0.603408638228314 0.5375086903803589
-0.3761833582126924 -0.2579847768250227 -0.06136398202769706
0.36813642933567936 0.05449445020417632 0.018526270762059635
-0.5113326192622111 0.6190669184154732 0.4286942208522988
-0.872381193846815 -0.2068726355993376 -0.4219047438736153
0.673815609779113 -0.0640471807627358 0.06955910164077124
0.7123819703010738 -0.5851661546014122 -0.3123321190435222
-0.4492508916371483 0.22238507413216577 -0.05175398258451738
0.23890484004000817 -0.5090100233815015 -0.0375502321400349
-0.1819170510907146 0.5194611433822307 -0.5994979667486431
0.26335467238424626 -0.04789221168236302 0.43327390944385225
0.035546919284907275 0.519694112292162 -0.2756280827880673
0.32861475420227787 -0.34288935134953197 -0.5427487120507051
-0.3243015720946419 0.2021275276531418 0.8358924023597349
-0.2865257372296154 0.5814250092696123 0.3619668954139418
-0.0052793098126601564 -0.6484060019943545 -0.004331299479806764
0.0107541527677589 -0.5740934789607073 0.03559666911154565
0.4790687940453534 0.6463810001804023 -0.09147667922293903
0.1941622235301846 0.5249372040937439 -0.5983926445769844
-0.1797916399526577 -0.502771784059122 -0.5192736678804244
0.1174004008375014 0.5582857296996229 0.23774266826121193
0.3731635855691421 -0.7804604814100805 -0.013490066849599672
-0.33172473760267085 -0.5697332994329903 -0.42327299514052097
-0.57412296006801 0.17391152562090767 -0.059834430065831445
-0.06300886200715572 0.8830127218888141 0.033039337484409285
-0.008293303512494013 -0.5394662799292882 0.5223465872616849
-0.7606647862216354 -0.36777464212969635 -0.35001693277883017
-0.57311725232301 -0.659790663730958 0.37898140358343785
-0.010261155870412856 0.803954847927169 0.2643005003515669
0.7306866457433172 -0.3646318600553532 -0.41849892080267426
-0.2562559674232105 0.6994616854845676 -0.5336229410605996
-0.6373874142447873 0.18121217243113305 -0.569756356324065
-0.38326641370316916 -0.06951419390741595 -0.33395745665801524
-0.12127831935188714 -0.04353366848398113 0.9287827671963558
-0.5150357090040177 0.13614717953260777 0.28792556751115245
-0.5050388631814512 -0.00865735141021532 0.3995756070933502
-0.3527343561964053 -0.13768281702365798 -0.7988134536048616
0.4729855379724281 -0.7570176594171304 0.07629890550719445
0.7625567470808152 0.04214747807221331 -0.05432622512817278
-0.01681409776321788 0.2578376249930273 0.33993173548968014
-0.3371599310430068 -0.548897562984577 -0.3806035507981327
0.90736144263873 -0.2946682810224223 -0.03544138009790157
-0.32599132407943354 0.48882441562251616 -0.1839801073877752
-0.5086437184143757 0.0017330398258111807 0.23046407096373836
0.6665322768514947 0.06544219526966237 -0.3515230850369799
0.3134941457613844 0.08430477513472243 0.7848956232641257
0.2846645690287137 0.4208610830998313 0.7149827259953095
0.09727839338770758 -0.7422899760256272 -0.5676915160962386
-0.3093847323203499 -0.8928326918684949 0.02062933902173244
-0.02904630825626405 -0.8407844930574545 0.2099345058902802
0.737064924999093 0.5820851120405174 -0.1030346796457042
0.651507396526713 -0.12614446646319996 0.6399109018561263
0.3455661556561147 -0.25974976207228145 -0.3414652764135375
-0.5876555253706053 0.40098044517370435 0.47341486935315014
-0.25833655827774726 0.11968770381340807 -0.49348636689771375
0.531208641027584 -0.11613298750865107 -0.20223417512864286
-0.6537162329258814 0.49289180110611414 -0.17426607742570893
-0.19004071736066133 -0.5986997613084257 -0.01112882900791944
-0.34901058508558497 -0.3719824258707883 -0.23797034134248768
-0.41408796889242094 -0.653053644726467 -0.3079886439989963
0.05749300510153458 0.3479344014307751 0.7379352122655696
0.07097393874484814 0.2866296879363357 -0.6166164830578154
0.3080081972414113 -0.15057798329189004 0.7176128674173613
-0.27469878110032075 -0.19398765241444252 -0.32977668361297713
0.8332682469986896 -0.004782473272100019 0.06249821576903706
-0.6404979502549281 -0.620295900122226 -0.23584262531591552
0.2682374801769121 0.003963618844851538 0.5864228821653297
-0.6792795534277757 0.5065077260190025 -0.2889360052105826
-0.3739851306257165 -0.03429750827775417 0.41288133932349325
0.026607305747201816 -0.062348234770869905 -0.8521682086565134
0.41719864825447767 0.32443102713663774 0.7561313121391958
-0.276968971766801 -0.5626509475355852 -0.21539334553175443
0.447097457301405 -0.3309015387347066 -0.5559580372168524
-0.6125899585015023 0.4333749621101417 0.2824587649179392
0.8515948482322396 0.24073899033453003 -0.3722094895936573
-0.2146764956883878 0.02026538788600136 -0.7285732475229791
0.5044603726970499 -0.09929595001697836 -0.26506767857685
-0.4104031801486989 0.31392731416077163 -0.6947940294938708
-0.22623216282537778 -0.6107901952705718 0.3238532651578481
0.5261516270631286 0.601760955563192 0.2587203086729865
0.16855874549991978 -0.4981914665643214 -0.20550601302969385
0 0 0
0 0 0
0 0 0
0 0 0
0 0 0
0 0 0
0 0 0
0 0 0
0 0 0
0 0 0
0 0 0
0 0 0
0 0 0
0 0 0
0 0 0
0 0 0
0 0 0
0 0 0
0 0 0
0 0 0
0 0 0
0 0 0
0 0 0
0 0 0
0 0 0
0 0 0
0 0 0
0 0 0
0 0 0
0 0 0
0 0 0
0 0 0
0 0 0
0 0 0
0 0 0
0 0 0
0 0 0
0 0 0
0 0 0
0 0 0
0 0 0
0 0 0
0 0 0
0 0 0
0 0 0
0 0 0
0 0 0
0 0 0
0 0 0
0 0 0
0 0 0
0 0 0
0 0 0
0 0 0
0 0 0
0 0 0
0 0 0
0 0 0
0 0 0
0 0 0
0 0 0
0 0 0
0 0 0
0 0 0
0 0 0
0 0 0
0 0 0
0 0 0
0 0 0
0 0 0
0 0 0
0 0 0
0 0 0
0 0 0
0 0 0
0 0 0
0 0 0
0 0 0
0 0 0
0 0 0
0 0 0
0 0 0
0 0 0
0 0 0
0 0 0
0 0 0
0 0 0
0 0 0
0 0 0
0 0 0
0 0 0
0 0 0
0 0 0
0 0 0
0 0 0
0 0 0
0 0 0
0 0 0
0 0 0
0 0 0