600
0
1 0.06054113522568634 -0.3120516020229031 -0.3067238183274483 0 0 0
1 -0.3404106060871847 0.2394991377589982 0.3960164424986178 0 0 0
1 -0.16857292875560514 -0.4926921542172777 0.820839114143725 0 0 0
1 -0.4081207825906158 0.7446318512193699 0.0388788103989015 0 0 0
1 -0.2733261667995249 0.8438564263976623 -0.011840448842852442 0 0 0
1 -0.2920849949802872 0.1512933916956058 -0.5554185294630812 0 0 0
1 -0.48919875052665496 0.10527924283246802 -0.8487493107635473 0 0 0
1 0.18437267398815252 0.8436487746094483 0.3589166950893016 0 0 0
1 -0.350624731238536 0.04844955419813157 0.3388595138595412 0 0 0
1 -0.31001129858372634 0.004398095492852683 -0.7835700473067688 0 0 0
1 -0.038856010220210825 -0.05096331122767265 -0.14846314938829644 0 0 0
1 -0.32960859190096864 0.2916348897475627 0.823569714669741 0 0 0
1 0.6334221565282112 0.0813854782348338 0.5707881254176052 0 0 0
1 -0.09532421266646735 -0.5229706415477074 0.47682515064830666 0 0 0
1 0.043262022852101414 -0.03876880620114712 -0.34425906902079223 0 0 0
1 -0.7874226784408859 -0.14034989078800034 -0.30715384511461985 0 0 0
1 0.012713970927060435 -0.7854228817393881 -0.09536906005329732 0 0 0
1 0.2924002359874018 -0.6496061885877665 0.23381620525051944 0 0 0
1 -0.5784343172998225 -0.6142490945473426 0.07156150259812413 0 0 0
1 0.009871363233896 -0.7676628490194148 -0.1176467661159806 0 0 0
1 0.4783085053242346 0.7566005163708031 0.21371199511986191 0 0 0
1 0.6360346513523671 -0.35066036353721197 -0.32130982906491834 0 0 0
1 -0.3209439717896705 -0.1703758809636219 0.47173904620758733 0 0 0
1 -0.3129663321654663 -0.39906466676926217 -0.6269011196291573 0 0 0
1 -0.20030515475335983 0.45524563489311515 0.34804182631635244 0 0 0
1 0.469560239735527 -0.05273971316181043 0.15411080214766393 0 0 0
1 -0.42674419395656665 -0.6152034999647926 0.16252912494675362 0 0 0
1 -0.20788690926722297 -0.4496508804978158 -0.6662109046222527 0 0 0
1 0.2515394999305882 -0.30405282100071146 0.6290864748837497 0 0 0
1 0.38099877215059286 -0.32106110213828293 -0.10792309815480042 0 0 0
1 0.40800476101648514 -0.6182461301501785 0.055497653474230836 0 0 0
1 0.9262805197088924 -0.009654149126212326 -0.18653278988445302 0 0 0
1 0.5077969047390605 0.8235955057547156 0.2451677883699789 0 0 0
1 -0.578496850490059 -0.7725668516377403 0.12417304922814339 0 0 0
1 0.4558222139094169 -0.06401637407932768 0.7299138496163656 0 0 0
1 -0.058929897128230144 -0.6473700639046277 0.7382987275122364 0 0 0
1 -0.28894762381941835 -0.18022371519268998 -0.0713847241692016 0 0 0
1 -0.11287098308775646 0.5127492254613978 -0.5256263574840031 0 0 0
1 -0.5663546295857355 -0.41518230178511006 0.6927050486117655 0 0 0
1 0.5187934113696133 0.7676516964823038 0.12872083675697707 0 0 0
1 -0.5924647780725223 0.16731187178500226 0.18828956914473388 0 0 0
1 0.012842978076844973 -0.258782917315277 0.003928143428220249 0 0 0
1 -0.8445319993246441 0.11428710452920517 -0.018675624579830755 0 0 0
1 -0.2784555601805285 0.37631089007412805 0.2763305770670985 0 0 0
1 -0.07622497705632668 0.4493823686613067 -0.01427392566800591 0 0 0
1 -0.5481819976140377 -0.5362064111612979 0.6099617055208197 0 0 0
1 -0.3452836414713039 0.380486278798555 0.07342325451367081 0 0 0
1 -0.31637295345344313 -0.07506286098947619 0.521638107381769 0 0 0
1 0.024391746135436074 -0.30736885476544495 -0.388556808151369 0 0 0
1 -0.447157954474169 0.09106230194345646 0.45697659057259055 0 0 0
1 0.8213462566544376 0.1808828652652966 0.3049828396414008 0 0 0
1 -0.1894214116710419 -0.07266796160264696 -0.6854397097636372 0 0 0
1 -0.4353571989809325 -0.6208390455893887 -0.5083676641457572 0 0 0
1 0.18625153860532856 -0.2776561164736734 0.9202742643293191 0 0 0
1 -0.19535179131170075 0.16174706859924182 -0.9428101110613774 0 0 0
1 -0.08348896475714404 -0.2980411724216834 -0.07993252981547498 0 0 0
1 -0.7103132199402982 0.47763276098642715 0.1798416538805196 0 0 0
1 -0.2856640619664071 0.06900678239487232 -0.7895090004279972 0 0 0
1 0.39985479098615945 0.7069234330201333 0.24210791218771188 0 0 0
1 -0.40215929995223315 0.2801255828087674 0.04092999938490157 0 0 0
1 -0.9638526564104494 -0.061065114680691084 0.11691856067488524 0 0 0
1 -0.5279881836705648 0.018232442673778708 0.6018544014644354 0 0 0
1 0.2553136445866225 0.9087614303413277 0.2787610821118882 0 0 0
1 0.5020116106862413 0.29503311645011004 0.6393825584698152 0 0 0
1 -0.8260185974190846 -0.019197112606802354 0.34629544841399473 0 0 0
1 -0.44573288261098615 -0.04987228888257376 -0.6448907987276482 0 0 0
1 0.2935679277361691 0.05985470629987701 0.8321430894167468 0 0 0
1 -0.3269743475605707 -0.3712182440252751 -0.7419349597433273 0 0 0
1 -0.4999960793860996 0.49024179990518413 0.5787780265076747 0 0 0
1 -0.02604159968594555 0.6738931887764839 -0.14224407923026883 0 0 0
1 -0.8455666475977492 -0.3420212431071902 -0.399459540063239 0 0 0
1 -0.6492499743024752 -0.1635782717627953 -0.6335630799897168 0 0 0
1 -0.8036184734857375 0.3105745817265837 -0.31190871242615703 0 0 0
1 -0.10319612331676982 -0.8338843001056289 -0.19106002797584917 0 0 0
1 0.45676160251726833 -0.29034067271314157 0.2552043617851556 0 0 0
1 -0.27832727632519333 0.02765319318933471 -0.5439935116023213 0 0 0
1 -0.2573094451884338 -0.8378726178842644 0.2627746479628161 0 0 0
1 -0.2213106092248464 0.14625521733144908 -0.9350176564514155 0 0 0
1 0.3579842587817787 -0.48909278304976755 0.3373012521084259 0 0 0
1 0.2556389399538248 -0.6185710480326728 0.34810470138337124 0 0 0
1 -0.3984599535271972 0.6552387580813117 0.5175300892984078 0 0 0
1 0.5597581013823199 -0.5734007767669309 0.027487598556390856 0 0 0
1 0.4789299888315884 -0.7812520757969798 0.2909692410606447 0 0 0
1 -0.19706808287467995 -0.3287122900071363 0.7190985971716388 0 0 0
1 0.14577647061254306 0.44694466250967657 0.5361199483500537 0 0 0
1 -0.027776786216100153 0.6630637645591458 -0.21643295568085438 0 0 0
1 0.3405426038915473 -0.729804480534237 0.07743536704126597 0 0 0
1 0.11637202291467388 -0.40424972057050024 0.7375350420402464 0 0 0
1 0.5317345915383647 0.4535425973599401 -0.0662040667172902 0 0 0
1 0.5350644981793515 0.09846765728359944 -0.002209133225362179 0 0 0
1 0.0381965001914048 0.3045813251908414 0.8231124347161596 0 0 0
1 0.4812857403286016 -0.22131592023024324 -0.6866500047853067 0 0 0
1 0.04685056549882873 -0.6212314160385585 0.4781689378189357 0 0 0
1 0.2645986827037447 -0.3344968062490805 0.5662300570804992 0 0 0
1 0.4253144638614637 0.17694810036626815 0.5069729932048305 0 0 0
1 -0.26653645354171096 -0.05382047184624815 0.019838374224750276 0 0 0
1 -0.11248317662805418 0.41608055521478876 0.8358006457842851 0 0 0
1 0.7303120548583832 0.4942473540172364 0.369502288635748 0 0 0
1 0.23335732521661898 0.4267512203806597 -0.45530934615704516 0 0 0
1 0.13256259625756348 -0.4952575340400078 -0.5876235718731925 0 0 0
1 0.37963374731743965 -0.12801996510080657 0.368719145204415 0 0 0
1 -0.3244496811187208 -0.3614262061701316 -0.17295683416658614 0 0 0
1 -0.633325902618398 0.13850723214994487 -0.13480152089789552 0 0 0
1 -0.4338217598296414 -0.5596948366876884 0.3354417574695881 0 0 0
1 -0.06280183827956623 0.46728803475095243 -0.7009043091379232 0 0 0
1 0.26730627048536365 0.04228358345218786 -0.8239604718621832 0 0 0
1 -0.7579503208339234 -0.182195098650503 0.5327069298045457 0 0 0
1 -0.3005622800360458 -0.6975766724406829 -0.5299133791212419 0 0 0
1 -0.02102912201611847 0.02181965697214242 0.6328795082915104 0 0 0
1 -0.6569182736943086 0.517793385077794 0.12201198129709996 0 0 0
1 -0.7728377743841697 0.5352858148866227 -0.06442482228122892 0 0 0
1 0.6218205535349096 0.6024831709647941 -0.134183687630961 0 0 0
1 0.3611762831851992 0.03255227336935686 0.14289324677291837 0 0 0
1 -0.10247967498756597 0.440444539696595 -0.10532816035529033 0 0 0
1 0.051353940197530513 -0.5464384224752716 0.4556153517231359 0 0 0
1 0.8517238514678913 -0.1324370351209573 -0.4344636093600609 0 0 0
1 0.39475921097216227 -0.8766226187360274 -0.078854113704734 0 0 0
1 0.0012973477516173616 -0.8452505725252567 0.43672120920778384 0 0 0
1 -0.3287214184921325 -0.18474078840498578 -0.45246168609706794 0 0 0
1 -0.245625526334316 0.829681333913854 0.3537321203743703 0 0 0
1 0.28805639766291224 -0.11077409022752335 -0.7588609919593589 0 0 0
1 -0.35855882002297573 -0.7127914052558648 0.16419869249177824 0 0 0
1 -0.3969837699564474 -0.2685416257387887 0.6556686622691835 0 0 0
1 -0.1951049240431491 -0.7045971252624901 -0.30451944723085683 0 0 0
1 0.4055033513181357 0.7555869884798059 0.047475124703800706 0 0 0
1 -0.30742831362485057 -0.14168718098061583 -0.9295987513384962 0 0 0
1 0.4824954043522201 0.38248501284098335 0.12649884201652092 0 0 0
1 0.6156684015945564 0.4870469628050127 -0.17667333166381485 0 0 0
1 0.39420383951474536 -0.2012941385028676 0.5404495596923888 0 0 0
1 0.40484943744439067 -0.06842692628001293 -0.396124998509307 0 0 0
1 0.596394488212513 -0.15430840266185455 0.4254462227638077 0 0 0
1 0.16692979046508544 0.07108667834400707 0.006172680870200628 0 0 0
1 -0.16753765068724608 -0.21387024648158787 0.8254491757210767 0 0 0
1 -0.2639236069129395 0.12094039343505306 0.9506103541968579 0 0 0
1 -0.6261489138603189 -0.1865684181838521 0.5802210925441614 0 0 0
1 0.7015587389511531 0.187253376776215 -0.12246154695092823 0 0 0
1 -0.26306652305727835 0.20428366629875433 0.018980712345430244 0 0 0
1 0.6629898538465026 0.7165679732090879 -0.08117143134887228 0 0 0
1 0.38637361205466314 0.5046404279605626 0.6801186913542048 0 0 0
1 0.14507809391136106 0.7530597936765551 -0.23509213103059837 0 0 0
1 -0.07491936401067037 -0.5365762736617242 0.5816365786768574 0 0 0
1 0.4891661762192062 0.4208969857736887 0.6853564021780764 0 0 0
1 -0.6527029422180214 0.1625694583519375 0.2827926447750677 0 0 0
1 -0.6862132379626283 0.29526089925239235 -0.07570958166394194 0 0 0
1 0.5577634150075611 0.4994838474379565 0.31136408541063165 0 0 0
1 0.26346870427937075 -0.5530067175134946 -0.7244195077080225 0 0 0
1 -0.15148237278084536 0.43743096983379287 0.48135451197205176 0 0 0
1 0.367811223505649 0.17658067215063536 0.16487994493285488 0 0 0
1 -0.30363798517908386 0.29961490898999416 0.03494296551373868 0 0 0
1 -0.5836104190832648 -0.026204239389159147 -0.5965874509148806 0 0 0
1 0.4617171364818286 0.17430694088370535 0.14622660002888588 0 0 0
1 -0.13459759591682519 -0.48900034518451935 -0.8060201459751748 0 0 0
1 0.1353901567338513 -0.3289626626984548 -0.5544434973689082 0 0 0
1 -0.3659069872603724 0.8246518790858477 0.27390287578565037 0 0 0
1 -0.6645541398951849 0.21963790346501819 -0.1251807065439047 0 0 0
1 0.24549279224231066 -0.7716052100681228 -0.14517196615967318 0 0 0
1 -0.16881764493161694 -0.527414452614153 -0.7627276295857763 0 0 0
1 0.6131444866727604 -0.02378077104525214 -0.41638339316176476 0 0 0
1 0.24318749265573308 -0.003113776161082504 -0.6469029521330714 0 0 0
1 -0.08152079108103004 -0.3779184429565278 -0.590834696680189 0 0 0
1 -0.014579255705029938 -0.351997431639051 0.3707729000103679 0 0 0
1 0.5550137011661561 -0.5508025766556287 0.007138591270285485 0 0 0
1 0.2655727975381147 -0.7060260848764959 0.48990517995719957 0 0 0
1 0.17707720245165212 -0.23745238449090456 -0.6538017991333478 0 0 0
1 0.20439900838106692 -0.01408402963917886 -0.32129985239971387 0 0 0
1 0.5523554247107922 0.3966722434547969 0.3270838014429409 0 0 0
1 0.9390122048878247 0.018764983851774025 -0.23210768954432948 0 0 0
1 0.09316087626807162 0.11068577615092277 0.4540192501263765 0 0 0
1 0.3539637804328866 0.5552209043398255 -0.5713687213008452 0 0 0
1 0.5783452006742346 -0.2524933117447497 -0.5040380249222938 0 0 0
1 0.5141309334663182 -0.037386086692691785 0.7135317982683401 0 0 0
1 -0.6921377749972344 -0.0526451239941034 0.31210839789125977 0 0 0
1 0.09753375220707755 0.016249516678389888 0.23853612218293832 0 0 0
1 0.6895016692543131 -0.2736708007949534 0.16008332772603281 0 0 0
1 -0.44157748757431103 -0.03538125910276586 -0.4159973630215828 0 0 0
1 -0.3089342910567891 0.4184783032201798 -0.8045794757742305 0 0 0
1 0.5607457216029134 0.6743859477655423 -0.4332914103394779 0 0 0
1 -0.7155306368679907 0.36906049344223624 0.4663731077245188 0 0 0
1 0.28752431030215136 -0.8094546309640922 -0.25526531627399485 0 0 0
1 0.9656724358502576 0.09174237887012256 0.20179459507059702 0 0 0
1 0.8957254312078634 0.059785278971864725 0.1942976422140525 0 0 0
1 -0.44487599974549147 0.7378504580045673 0.35963446661304205 0 0 0
1 -0.22779352168475028 0.9152875269143677 -0.1367773749018367 0 0 0
1 -0.056781261042707504 -0.33244000672988705 -0.8070090118550938 0 0 0
1 -0.48949863717581577 0.35773731978654927 -0.4570314625342502 0 0 0
1 0.4602712227459601 0.37547999657895487 0.3537369778119871 0 0 0
1 -0.07298348335133936 0.31697461813387284 -0.9118319548134036 0 0 0
1 0.8237088095208958 0.2469450946722959 0.04155930987157908 0 0 0
1 0.08765549907203224 -0.787383586910753 0.5369429322891133 0 0 0
1 -0.07004404798643526 0.5354172717641358 -0.1363331075172394 0 0 0
1 -0.7819825372945061 -0.008319041663146365 0.37319314353454364 0 0 0
1 -0.8457596462236371 -0.05076910189526498 0.45943931496800067 0 0 0
1 -0.9016890112391831 0.045133761436756584 0.033330631293492424 0 0 0
1 0.5610600666699206 0.5434557467355765 0.24436701221223098 0 0 0
1 -0.7107875121526431 -0.4730246397506615 0.18008141698045957 0 0 0
1 -0.255918492662646 -0.7336515513344043 0.020395678067824725 0 0 0
1 -0.20281992285452155 0.012081648953963357 -0.8055754238530087 0 0 0
1 -0.4526663139559455 -0.3037527366556178 0.1346722903674113 0 0 0
1 0.35763969041922816 0.35837344107914254 -0.7731862842451964 0 0 0
1 0.3540278442622919 0.5127044428054456 -0.7445381635453262 0 0 0
1 -0.4692833780741855 -0.22580193451264155 0.7430384060467428 0 0 0
1 0.26008532420096747 -0.4688638925262225 -0.6640081760528382 0 0 0
1 0.6517572997631986 -0.6884709878260217 0.21220701915871462 0 0 0
1 -0.6674946552431512 0.5220403561947679 -0.33173366418827743 0 0 0
1 0.7748606580566879 -0.09059278247360428 0.4730460379682758 0 0 0
1 0.46471969163983196 0.25906857240312636 0.7408363521193496 0 0 0
1 0.2380443756753928 -0.5945355617195932 0.023380217858137806 0 0 0
1 0.15746928042493116 -0.5789603253036656 -0.5906264540816398 0 0 0
1 0.40392360830942164 -0.03664329974470916 -0.24213542847623148 0 0 0
1 0.18616695768311328 0.5335136066113539 0.4055805141018879 0 0 0
1 -0.36187841053828723 -0.24599131043262248 -0.8102063164020488 0 0 0
1 0.17884464667900488 0.21065385387946153 -0.14191372350818493 0 0 0
1 -0.7080339739228013 -0.16204761180968108 -0.512619794071796 0 0 0
1 -0.15732541172361458 -0.011902327736340935 -0.282243358617544 0 0 0
1 -0.4912464138787107 -0.7639777508973998 -0.23255377118343737 0 0 0
1 -0.11480773687804738 0.6235636967478947 -0.40615273734453516 0 0 0
1 -0.2374015058626507 -0.7667120544643443 0.4665138990227026 0 0 0
1 -0.1582469239659747 0.19979118946280292 0.8048778584746556 0 0 0
1 -0.3118696489867904 0.3673200958812691 0.029507219951403464 0 0 0
1 -0.211653419577794 -0.21135133279008342 -0.9415561734390144 0 0 0
1 0.8195280138459717 -0.41497400886015434 -0.20637455091004767 0 0 0
1 0.36154787792659465 -0.503272655550181 -0.4852742215389865 0 0 0
1 0.23592572896093394 -0.05832881301359866 0.0533082029045887 0 0 0
1 -0.7468593140435911 -0.47690644908506186 0.26084362021340335 0 0 0
1 -0.539541121710929 -0.7682499675215881 -0.1033086522914783 0 0 0
1 -0.9080191610980317 0.14475942293516642 0.32024959806456715 0 0 0
1 -0.21006995233105413 0.6269966049011362 0.5908856884248704 0 0 0
1 -0.2993821699525518 0.1520480130353566 -0.6763762346486325 0 0 0
1 -0.07818781832165544 -0.018532520180434397 0.05878482644120955 0 0 0
1 0.47247775217489424 -0.6123169750988836 -0.3734353529505154 0 0 0
1 -0.490741094371979 -0.20941507144204347 0.18806099436969556 0 0 0
1 -0.28664788076211395 -0.5065773676236522 -0.046662536835397235 0 0 0
1 -0.5784574467527542 0.03506900262097735 -0.48629229668244917 0 0 0
1 0.16182320974452477 -0.8600569069777577 0.05858209755722001 0 0 0
1 -0.12572024987526648 0.4121844662677984 0.5173197975044413 0 0 0
1 -0.470291247960732 -0.19479175657169148 0.744722288453142 0 0 0
1 -0.6652193547113407 -0.41549212959658105 0.31427649692260623 0 0 0
1 0.4099149778652227 -0.13030428705627486 0.538300878329821 0 0 0
1 -0.3405397280534334 0.34531644594463595 -0.19259654851548272 0 0 0
1 0.07598973005197766 0.5150327532052656 -0.12569466942960303 0 0 0
1 0.37183028308798705 0.40679251736170857 0.42734852803690004 0 0 0
1 -0.16825638636057508 -0.4030331700027167 0.051423434972823104 0 0 0
1 -0.06054475499112526 0.7370518102405542 0.10921696854258899 0 0 0
1 0.3977002812437252 0.17399192940950559 0.36802228803927806 0 0 0
1 0.6443457306342063 -0.22278023325646718 0.029457643363951087 0 0 0
1 0.5770027368323796 0.41743555512511155 0.3711240528544934 0 0 0
1 0.5866371795517654 0.4892964975435694 0.04409126629847618 0 0 0
1 -0.1331769689508723 -0.5997099276492664 0.6407707391728305 0 0 0
1 -0.10123339427499295 0.6336701508507967 -0.3788913872827854 0 0 0
1 -0.318703951972644 0.07590615156626282 -0.31837846473511483 0 0 0
1 0.7362511098668123 -0.1226556901840572 0.16278869010354854 0 0 0
1 -0.01856603709591209 -0.25766362263669584 -0.9276674710612309 0 0 0
1 -0.11800550259291356 0.5106438455919882 0.610485545484708 0 0 0
1 0.7981314248414997 -0.2721109381291189 -0.3149704763862947 0 0 0
1 -0.338315771636459 0.648386129908986 -0.4828108328263202 0 0 0
1 0.24983718895982415 -0.08251343592657243 0.5445195784476552 0 0 0
1 0.22717003096855665 -0.7961247066469564 0.26895494299609524 0 0 0
1 -0.1107449725918762 0.10919983916734471 -0.8917908807057572 0 0 0
1 -0.7004281103106877 -0.5546149128519221 0.047869069580351704 0 0 0
1 0.3972946548024228 -0.2685480243010128 -0.7647403302940712 0 0 0
1 0.316712208252857 0.1377289610429352 0.2526718610825855 0 0 0
1 -0.3051139985982724 -0.24150494384489724 -0.36208951205705353 0 0 0
1 0.6735531500554723 0.07500414418439756 -0.495825851890728 0 0 0
1 -0.6949181367311467 0.03573301791656141 -0.07846444250576895 0 0 0
1 0.3875679940492178 0.3667081619792296 0.7708929727370379 0 0 0
1 -0.10929947712817122 0.5411780497153369 -0.37986886373263207 0 0 0
1 0.026442440394123842 -0.21023309272194618 0.21025371242113017 0 0 0
1 -0.2542881997911418 -0.11100164866432627 -0.030306843001891487 0 0 0
1 0.8144225573706806 0.355665651492328 -0.4063364107162727 0 0 0
1 0.7333525235670486 0.13453290275628985 0.4510600497786251 0 0 0
1 -0.08948441728826916 -0.18820016677419402 -0.5156441003008287 0 0 0
1 0.3761308782780936 -0.763998294599441 -0.036818338862851165 0 0 0
1 0.258919070888193 -0.0030265022414362407 -0.8322317689169743 0 0 0
1 -0.41417405290968085 0.32312113636037904 0.006173062906276415 0 0 0
1 -0.3035758618566537 0.5145189823455191 -0.20916870240973678 0 0 0
1 0.15427465006397714 -0.4184156069721974 -0.6899262698130066 0 0 0
1 -0.6810008614585368 -0.03621680698246924 -0.023130318510443636 0 0 0
1 0.28426045923245763 0.10703056128176014 -0.7786380130911157 0 0 0
1 0.47965647681835205 -0.1994986594982823 0.6576806807829623 0 0 0
1 -0.048441645296593894 -0.7346441889402894 0.364977630419557 0 0 0
1 0.19631376913849885 0.13761508606325673 -0.3721493876085076 0 0 0
1 -0.8988405624632279 -0.3077248209177899 -0.2055487043319314 0 0 0
1 0.37014657382104293 -0.6346185232400419 -0.0897515548858308 0 0 0
1 -0.978813971420798 -0.09110434495632999 -0.09323640380674036 0 0 0
1 -0.5789831441158797 -0.3008122958627798 -0.6946149144761969 0 0 0
1 -0.17150706498392548 0.24613290853659459 -0.6740819610831869 0 0 0
1 0.3237640824163348 0.208789432484304 -0.8227936836684377 0 0 0
1 0.11785769384237745 -0.15074193635756922 -0.8082272561308621 0 0 0
1 -0.20213114040652316 0.4932639732216023 -0.024284582908642976 0 0 0
1 0.012655354705731762 0.8772726569811786 0.04049227482808038 0 0 0
1 0.46672579624374655 0.3260521033780251 -0.02096367669838008 0 0 0
1 0.16664922327293377 0.0448076225534215 -0.24583127989394216 0 0 0
1 -0.22493352495055138 0.8290901021577279 -0.1352635942372148 0 0 0
1 0.9538451140540358 0.11660905562787592 0.1981269037725578 0 0 0
1 -0.38605975706365675 0.3402581435127808 -0.10021232464279167 0 0 0
1 -0.18199151458309637 0.7532067623787755 0.44640128599858553 0 0 0
1 0.6497555714607955 -0.18128601957413573 -0.5246739132016935 0 0 0
1 0.1546545082060393 -0.15813290830697718 0.6435426702423651 0 0 0
1 -0.30212091861711077 -0.36067998504078136 -0.16085598239554583 0 0 0
1 -0.5777968893296745 0.4079557851078727 -0.6173388035946489 0 0 0
1 0.4694339427946222 0.26801257654757626 0.5113865379303678 0 0 0
1 0.1571163890018974 -0.5927182369974089 -0.48692116458974194 0 0 0
1 -0.5955048007464878 0.11954944516961664 0.3997967869268136 0 0 0
1 0.16102071269637075 0.15647515945597007 -0.6433816023311404 0 0 0
1 -0.2862802467756153 0.2947427764164339 0.49592189012532334 0 0 0
1 -0.06967881894720519 -0.6747289161850369 -0.7102160194826515 0 0 0
1 -0.6586337084691322 -0.1960120040087805 0.24199185889791774 0 0 0
1 0.9015444840306762 -0.19893965327043334 0.035942180094799575 0 0 0
1 0.12027610766663886 0.29014424539545647 0.276282634130449 0 0 0
1 0.20012843689954707 0.12414655258513398 0.7705980397929458 0 0 0
1 -0.1148049512182022 0.5621012666918329 -0.3014958055790233 0 0 0
1 -0.30605971059623943 0.25485991670207486 -0.3287594864433802 0 0 0
1 0.43732379630213875 -0.18969916026831493 0.29566570620239596 0 0 0
1 -0.8728074879424365 0.0019311687907479318 0.13964666493997788 0 0 0
1 -0.6402484900984279 0.05636583494030307 0.4056720598127479 0 0 0
1 -0.023292084036372854 -0.39811192403954954 0.1370267112541415 0 0 0
1 0.2175105240328941 0.4922388111389696 -0.09130437118698059 0 0 0
1 0.6723713776238006 -0.0440053433062423 0.2541067635660596 0 0 0
1 -0.8184625711541155 -0.4925719578106008 -0.1824732779287926 0 0 0
1 -0.08063302200359573 0.5812549582256932 -0.4060955399826446 0 0 0
1 -0.26351405919487525 0.31264358284414046 0.6491145550808586 0 0 0
1 -0.33754736199724233 0.0029321677070864908 -0.7685674904905333 0 0 0
1 0.8493433970633849 -0.2252739847984581 -0.16567363046805827 0 0 0
1 0.18936791604055248 0.268923677428895 -0.7477871256488183 0 0 0
1 -0.39643077089627 0.7588019109841295 0.36602569649157246 0 0 0
1 0.6121454375960991 0.6094533582912375 -0.04084526249273436 0 0 0
1 -0.17673617990096904 -0.2951990032637964 -0.09016969828841788 0 0 0
1 -0.41109157561634274 -0.4530929006286185 -0.4592442299742264 0 0 0
1 0.4255466499804837 -0.44783781045024396 0.535822618871383 0 0 0
1 -0.6984326776825864 -0.46436580955153517 0.3473202813303763 0 0 0
1 -0.7382258731549858 -0.16495132037432889 0.4314250729983828 0 0 0
1 -0.8325127882039951 0.11704424220717033 0.27062010608962966 0 0 0
1 -0.7043477738058194 0.4829019693499554 -0.11130760081759009 0 0 0
1 0.19702824638807365 -0.7591297056628913 -0.283030927511951 0 0 0
1 -0.3589436742040933 0.20252825930583637 -0.6908780441353074 0 0 0
1 -0.0440311086820185 -0.15466429838648882 0.4018051272681292 0 0 0
1 -0.1559027391677883 -0.5821675685551404 0.1782631067944386 0 0 0
1 0.4264265268354266 -0.6551244012216543 -0.3939494050682772 0 0 0
1 -0.6495310148750666 0.445469665462962 0.3858897257264539 0 0 0
1 0.3851587010867853 -0.731854747535904 -0.4122783437163767 0 0 0
1 -0.4116390874437895 0.6896835266429345 -0.5669268392548574 0 0 0
1 -0.07040172023166043 0.36550434261599174 -0.4561269010422558 0 0 0
1 -0.598419082496155 -0.24303563779936557 0.6450934807155304 0 0 0
1 -0.14138522646795673 0.9096364413272248 0.01204519603506947 0 0 0
1 -0.818890264879746 -0.24922262869926637 -0.07620940627066955 0 0 0
1 -0.08134904134726531 -0.011374913987842156 0.4735203180381583 0 0 0
1 0.7656827453795397 -0.44644702911406803 -0.3882270971262147 0 0 0
1 -0.15189795053089936 -0.7325752465668529 -0.15292557014184618 0 0 0
1 -0.15104448793871386 -0.22513007924325648 0.7312449681637947 0 0 0
1 -0.44913680873310863 0.5153138868647333 -0.6337071344347095 0 0 0
1 -0.4068129595739776 -0.654574748984076 0.45443499223550876 0 0 0
1 0.32261914205788217 0.08025708756438615 -0.7208809508117642 0 0 0
1 -0.29623899010851823 0.16472830605668093 -0.20083482603472966 0 0 0
1 0.717939613778152 -0.2885879019522334 -0.5729602959087514 0 0 0
1 0.6576856349395879 0.6328812093844886 0.019569141030122934 0 0 0
1 0.8323523342153113 0.2490692541190947 -0.24214147531910027 0 0 0
1 -0.8540988354341992 0.14976595165229506 0.41850024463614655 0 0 0
1 0.13908481246542256 -0.7575699203379894 0.23827887888208074 0 0 0
1 -0.0670292036931545 0.744867522071067 -0.5460941175217314 0 0 0
1 0.6840518224874405 -0.15629126845943775 -0.17298218569123783 0 0 0
1 0.6108604442056311 -0.4074315129189896 -0.21911324221487122 0 0 0
1 0.7243778062868396 -0.6364692212096853 0.0715387742356142 0 0 0
1 -0.5411860272533091 -0.10206456643901428 0.5092701293907911 0 0 0
1 0.4120356449816926 -0.7303734665336487 -0.5117692872235184 0 0 0
1 0.5336093290798918 0.5504566038310944 0.5556529541122625 0 0 0
1 -0.2762582561852613 0.32487959439530945 0.8469039597634239 0 0 0
1 0.7916841232065658 -0.20316715344368644 -0.22017577535543842 0 0 0
1 -0.6235741168136496 -0.11928256222173374 0.5475588111618777 0 0 0
1 -0.14761037400427915 0.5542870773808966 -0.7257638798574303 0 0 0
1 -0.5721400636213957 0.23087742668821498 0.734675267606157 0 0 0
1 0.051212457783329786 -0.6780611029466966 0.3751713153349921 0 0 0
1 -0.35563914481488484 -0.3241960733313497 0.013546997568768872 0 0 0
1 -0.04898498891959 0.46038689533909033 0.7496049690275794 0 0 0
1 0.45922653344571795 0.6112402771547936 0.37800036563295114 0 0 0
1 -0.4885068625298161 0.38672578127778345 -0.5858708893168486 0 0 0
1 0.1283486311514247 -0.89683283627807 -0.36475091955290984 0 0 0
1 0.9207719523170886 -0.09439109702176632 -0.0387012074601781 0 0 0
1 -0.7814087672418452 -0.2649783092884167 -0.12276778285874115 0 0 0
1 -0.31098131726997263 -0.22640474409659583 -0.726864270004378 0 0 0
1 0.13628562422381754 0.2857137786571224 0.12876479722945697 0 0 0
1 -0.5714867999095081 0.12068892714718978 -0.5376268499522328 0 0 0
1 -0.007931736346021585 -0.5323711378499262 0.45849992081081276 0 0 0
1 0.17095676299982718 -0.559948509761007 0.32976373802318826 0 0 0
1 0.12103058529600406 0.17852037243946792 -0.5460563057403598 0 0 0
1 0.44973542194298777 -0.5659142967354226 0.11539083431251279 0 0 0
1 0.35508595713935476 0.8176356557342697 0.23498011172613908 0 0 0
1 0.5225829587038645 -0.016419834194324866 -0.4899736778427249 0 0 0
1 0.012478269709253474 0.07996496024578995 -0.18272523162961338 0 0 0
1 -0.519867468417158 -0.5542220988828754 -0.43163576255027025 0 0 0
1 0.5697895127528663 0.553854573715672 0.11772220033550464 0 0 0
1 -0.7022685420848315 -0.565342592684169 0.14881881436739752 0 0 0
1 0.4516275880834329 -0.3889533492657404 -0.39610383928774 0 0 0
1 -0.7992485406134029 -0.059344168565694494 0.4435226214574573 0 0 0
1 0.6585263259553544 0.19935722092858107 0.17392452983567028 0 0 0
1 0.2561082989763865 -0.6329849948997105 -0.33051232455985263 0 0 0
1 0.8497906770337755 -0.3426929555446 0.038905125947975655 0 0 0
1 -0.5422962985064309 0.4636060600929428 -0.6293579002973587 0 0 0
1 0.8145160420973615 0.13985160628891435 0.03931083625761563 0 0 0
1 0.10640284035323432 -0.143785892048738 0.8579230160987876 0 0 0
1 -0.07349511689994931 0.36980667917366333 -0.13386747644413702 0 0 0
1 -0.5451424514563259 0.04806232675861223 -0.4633590041544233 0 0 0
1 0.411328637854126 -0.7395286614701022 0.0070827928972546535 0 0 0
1 -0.48007330568204243 0.32595773729950944 -0.24392033858393344 0 0 0
1 0.4269704865980832 0.3047745951740902 -0.16182790167341435 0 0 0
1 -0.9488684285725729 -0.18380414942591403 0.08355865827109897 0 0 0
1 0.658453642181357 0.7024156261303578 -0.04003431850967678 0 0 0
1 0.18869585170373243 0.21512076454091636 -0.6267295744319824 0 0 0
1 0.18936309893320094 0.514835929912352 -0.8090803640886037 0 0 0
1 0.35209117268158424 -0.735363890150044 0.3967984954097522 0 0 0
1 0.3690908295721189 -0.02500746789955394 0.30881009357414685 0 0 0
1 0.6150797226020784 0.045380205468896255 0.6847001668957964 0 0 0
1 0.08191179864053459 0.10267164978726045 0.730864004042731 0 0 0
1 -0.182103430786843 -0.16337393354385094 -0.7112333949103117 0 0 0
1 -0.7909153390768445 0.007795006146410084 -0.5739652794647109 0 0 0
1 0.49484194215439764 -0.17300055523576793 -0.17993587561662394 0 0 0
1 0.015780346110424146 0.015388310843558586 -0.3425621785021768 0 0 0
1 0.6071666296259668 0.19960669759228278 0.23752958004519684 0 0 0
1 -0.41700192777893014 0.7382610932674525 0.3142818468424232 0 0 0
1 -0.43289537045439713 0.09465420034349036 -0.0006252293536655343 0 0 0
1 0.21712823353848262 -0.9063085094447065 -0.22639603950330406 0 0 0
1 -0.09872766463257868 0.753155875448503 0.08995985782379674 0 0 0
1 -0.31180225574501874 0.7154087563173733 -0.23889363256451973 0 0 0
1 -0.6932347077692356 -0.4092224186374414 -0.22078019734814092 0 0 0
1 -0.45802768783744663 -0.20387036417973572 -0.7332825854049416 0 0 0
1 0.23422514462615127 0.12640314416381848 -0.7492297753947783 0 0 0
1 -0.16087823011260255 0.025247851358561925 -0.4836169849051869 0 0 0
1 -0.3704450496350014 -0.6746208104286794 -0.12414168926316987 0 0 0
1 0.3011269871684508 0.22404637923263443 0.28255284277699094 0 0 0
1 -0.4737821309970429 0.6287585188145487 0.09351224565387271 0 0 0
1 -0.21000645346437688 -0.4663892994672456 -0.30136309125668437 0 0 0
1 0.8151020116106671 0.17747936146610038 0.5117458591492946 0 0 0
1 0.6160018173758155 -0.5685778314000997 -0.25369523526394777 0 0 0
1 -0.35338364666454025 0.8485787610074826 -0.1594858567096376 0 0 0
1 0.5938921771549557 0.19294496052711888 0.2224157845962415 0 0 0
1 -0.011437082628394862 0.8010066510392685 0.1480404460714088 0 0 0
1 0.4592405408317397 0.7303308409298411 -0.3353550580565686 0 0 0
1 -0.06422450543101144 -0.24680845987422892 -0.32261772458707805 0 0 0
1 0.7754235948072847 0.4233794684020315 -0.22312192374386977 0 0 0
1 0.11557610040959226 -0.5618075837042242 -0.4902975586668722 0 0 0
1 0.088003203167562 -0.4457372425132511 -0.7203707606562771 0 0 0
1 0.23457440770444302 -0.39963970967595647 0.6970411952940812 0 0 0
1 -0.22165962196808933 0.04063313415554467 -0.4704247785412425 0 0 0
1 0.21874392414098828 0.6807973709021721 0.5382817085102796 0 0 0
1 -0.8293805317750108 0.4554131780391775 0.10421984258860192 0 0 0
1 -0.2554918770226584 -0.8202691563518784 0.13403307821274674 0 0 0
1 0.23839196836111182 0.30461166236924225 0.1313669370868272 0 0 0
1 0.8209347294318105 -0.3379796864456918 0.288405495566112 0 0 0
1 -0.6498740425923474 0.18898007248715848 0.04575579450663366 0 0 0
1 -0.6216420206513914 -0.17731639941374394 0.09008329704259085 0 0 0
1 -0.8649368943731273 -0.04850498239642974 -0.23700228254530503 0 0 0
1 -0.8135318405910784 -0.48899112664705274 0.21465641085510723 0 0 0
1 0.6514023470601068 -0.41242276278169554 -0.05690091016894149 0 0 0
1 0.0860263961441475 -0.7932826672150074 0.19596034044141192 0 0 0
1 -0.6138314305799287 0.11819919441538108 -0.4245290615575515 0 0 0
1 0.1388705993761449 -0.46787469954179706 0.26968079081787394 0 0 0
1 0.4266333366952249 0.6101125562755538 -0.5648496117996401 0 0 0
1 -0.29578901365576055 -0.334187522025559 0.10032811692523509 0 0 0
1 0.013442695090677729 0.47004973415260914 -0.43323271362585564 0 0 0
1 0.23890150386195383 -0.6940717640523821 0.5075118633652287 0 0 0
1 0.27117071377632834 -0.490592594794418 -0.06970988853369765 0 0 0
1 -0.4659351512256509 0.009440100788279695 0.3441972504271131 0 0 0
1 -0.1967858980195922 0.2975070918495804 0.4546658689020639 0 0 0
1 -0.140979170137695 -0.5889818026194671 0.5640426107873553 0 0 0
1 0.3774570169446136 0.2466848847719917 -0.8233877827638711 0 0 0
1 0.06437703397232415 -0.3989708246272765 0.5146779710496151 0 0 0
1 0.3930168080128835 -0.5400177753498898 0.36050912290625303 0 0 0
1 -0.029017380166720903 0.5714400963635123 -0.2656874188737958 0 0 0
1 0.20776547956814864 -0.6785181339859281 -0.10321600118078596 0 0 0
1 -0.6436032458926676 0.4845732350942136 -0.5392170847097895 0 0 0
1 -0.17563491598681988 -0.14069298575673467 -0.27667187744089683 0 0 0
1 -0.00027107235607486206 -0.0380136349475532 0.22959107209461127 0 0 0
1 -0.11889189160871144 0.589885462536656 -0.5267502452051799 0 0 0
1 0.12428292209405796 0.6753675867155361 -0.5768404080675532 0 0 0
1 0.5132858893922506 0.1037882104854294 -0.6758158921088232 0 0 0
1 -0.6877597374914027 0.24835518564364345 -0.24109431664335682 0 0 0
1 -0.13072990091551961 0.0002817816180011277 -0.13952644447280835 0 0 0
1 -0.43466340930276964 0.47383204795014927 0.42417796757093257 0 0 0
1 -0.5389066038466858 -0.33546480275736174 -0.007354618550150305 0 0 0
1 0.7532513847630073 0.4210437591552535 0.04304956606445937 0 0 0
1 0.6921296991451755 -0.29899140763526644 0.48034055604091674 0 0 0
1 -0.14617429213404556 -0.800982769978064 0.2693935591290283 0 0 0
1 0.5633370009373139 0.0006623787095717788 0.2964175349933156 0 0 0
1 0.017720210977854322 0.4954378251172047 -0.13628479647876413 0 0 0
1 0.10392010544328495 0.4250731370500168 -0.056321183114888575 0 0 0
1 0.6441860601598496 0.6417695633354984 -0.22961303441672587 0 0 0
1 0.6196427146999857 0.6132169179865286 -0.3078532733780482 0 0 0
1 0.5643428801887612 -0.7618066940857641 -0.09825134163290147 0 0 0
1 0.9255187556596797 0.2142766799493822 0.030850466858916667 0 0 0
1 -0.07354646988088911 -0.2462292206155519 0.10925254672736524 0 0 0
1 0.7458607422244378 -0.043602997031425374 0.10797632712701473 0 0 0
1 -0.07576928906318402 0.3138233830627921 -0.10054267367551525 0 0 0
1 -0.36495162180745794 -0.6635187407179911 -0.000612046837697198 0 0 0
1 -0.7149482294060382 -0.24782700797273552 0.023314825367835818 0 0 0
1 -0.5092114792523623 -0.3977052337319534 0.3362288010283588 0 0 0
1 -0.07892775371675648 -0.07692924231138981 0.9684473152690553 0 0 0
1 0.07947578570530142 -0.5250053967205993 0.696839835926244 0 0 0
1 0.14891811461001567 0.5339731394686155 -0.5493661287066874 0 0 0
1 -0.65188419131409 -0.4129303602906061 0.3020521692258583 0 0 0
1 -0.1480626213795129 -0.6173122619333049 0.7639904067134127 0 0 0
1 0.5324507950474989 0.09275352683177976 -0.6883875840020982 0 0 0
1 0.3958769577901433 -0.3924999278614273 0.22568884538525263 0 0 0
1 -0.15531121707097814 -0.23389060288029978 -0.19032345935565742 0 0 0
1 -0.13070602759850336 0.037699834170829026 0.6512294512648359 0 0 0
1 -0.23177136018777314 0.4161832000211728 -0.014613812839479138 0 0 0
1 -0.6275512652879471 0.055609985851280144 -0.10461038667603452 0 0 0
1 0.21015429008247585 -0.6850870804514869 0.26791386479974405 0 0 0
1 0.5283783497917093 -0.6913949612317135 0.31183805093169614 0 0 0
1 -0.31633060167374905 -0.8553660866824272 -0.08846487987144927 0 0 0
1 -0.2445995219516101 -0.4306295590524902 0.556251558716292 0 0 0
1 -0.12413307826641128 -0.9037979310993062 0.21132091734459077 0 0 0
1 -0.0117830283355468 0.5406434903233523 -0.1319569418044605 0 0 0
1 0.49533200683465256 -0.034102448599705494 0.17352809513846357 0 0 0
1 0.47587151763193575 0.07558097664294171 0.7849003910707016 0 0 0
1 -0.1278251909792119 0.3391453438652355 0.4671990087589638 0 0 0
1 0.27180298569612976 -0.5143254945988848 0.23228482432059658 0 0 0
1 0.38916752409321126 0.012660721606107055 0.893432244432162 0 0 0
1 -0.4643192554550293 -0.14977027898499526 -0.22707384912365738 0 0 0
1 0.7369744187294268 -0.5825966572708436 -0.18338830018839353 0 0 0
1 -0.1132391419201965 -0.6703809854220849 0.3867187872028792 0 0 0
1 -0.14101195594791513 0.3527486147982386 -0.4053521094795886 0 0 0
1 -0.6312295019389546 0.39677740639371795 0.03574927921604796 0 0 0
1 0.18977569977781708 0.18163491940921656 0.8046608099265405 0 0 0
1 -0.2667042313313608 0.1516185920295437 0.1598208641125882 0 0 0
1 -0.08028086760304161 -0.17706901546220033 0.001270921164125541 0 0 0
1 -0.6010884467601293 0.09201347374269825 0.16378831467823912 0 0 0
1 0.4568347129955511 0.21737646154196288 0.7172036602532413 0 0 0
1 0.5521561164238368 -0.4921174197864504 -0.40501366892835766 0 0 0
1 -0.05834580226642294 -0.4710479334547643 0.5874099479464983 0 0 0
1 -0.7478836789673625 0.09989680296093666 0.5705915964413908 0 0 0
1 -0.15484294515853123 -0.5899410916645761 0.5374694627505876 0 0 0
1 -0.09975128140278226 0.10218815031009061 0.649334653167867 0 0 0
1 0.3882762282204334 0.2858776812836305 0.6887444815532927 0 0 0
1 -0.3850770732495647 0.5487869119622578 -0.49402155388232327 0 0 0
1 -0.4496588148810892 -0.7000332085393871 0.184204617506681 0 0 0
1 0.11502972177519542 0.40044025429824837 0.821235250885 0 0 0
1 -0.852526012337136 -0.13019037202617448 -0.4095911941761242 0 0 0
1 -0.06491983304265214 -0.4846476653214692 0.572425992505094 0 0 0
1 -0.2286680397071454 -0.6303493889702493 0.582497095409426 0 0 0
1 -0.8440706718106707 -0.3713607918744607 -0.21257267689370857 0 0 0
1 0.8079019564284422 -0.18702362589224503 0.5344167492251815 0 0 0
1 -0.5325383490598156 -0.0812691358708634 0.40562883640979236 0 0 0
1 -0.28246764931504337 0.5440615897446014 -0.3445513495203794 0 0 0
1 -0.14775755130353038 -0.7724461678355735 0.5338539995505753 0 0 0
1 -0.03818917814215667 -0.4132685883879378 -0.28529873476735457 0 0 0
1 -0.3445502053091234 0.4482597350218449 0.6985148940379733 0 0 0
1 0.30231175169971863 0.3656510577580308 0.2983097616881176 0 0 0
1 0.6162513214103192 0.48480840344678594 0.4263495351381196 0 0 0
1 -0.1985913135580767 0.2900777578971894 -0.8743710967966832 0 0 0
1 0.37822765062028113 0.0670093133186679 -0.8179557802251451 0 0 0
1 -0.2588657385410566 0.4801626031358638 -0.099123680412854 0 0 0
1 -0.3104689934040164 0.023828100873313024 -0.4060595403800083 0 0 0
1 -0.8249672242670326 0.29653717582008143 0.015461092795958331 0 0 0
1 0.6285314426239533 -0.08927646659602591 0.12659308339227865 0 0 0
1 -0.34236742696711936 0.7989489214576421 0.17230423039122836 0 0 0
1 -0.17559629977307942 0.6384229158611185 -0.7440105913023167 0 0 0
1 0.31044819843922106 0.633679916172491 0.4481268593981404 0 0 0
1 -0.7193812874092469 0.19112043989400404 -0.12486353100929828 0 0 0
1 0.597833399301047 0.5651459081797688 0.033039749880042456 0 0 0
1 -0.4009516125113255 0.0867474153311086 -0.3648596105179751 0 0 0
1 0.8508684303582723 0.492387215622867 0.08809018915907307 0 0 0
1 -0.582518711260136 -0.42104477889547076 -0.025771984544365 0 0 0
1 0.18696769163169108 -0.32949967177182404 0.8739864694284011 0 0 0
1 0.2032229197238632 -0.47386921330857773 0.2936992789274223 0 0 0
1 -0.5088085470599986 0.06740471357497665 -0.8355766399387183 0 0 0
1 0.22612160250074698 0.8287345760743929 -0.039711473833346424 0 0 0
1 0.45724170032552425 -0.45812493505714047 0.3502451553428477 0 0 0
1 -0.006711350934831164 0.4348603790204385 -0.18647963259603934 0 0 0
1 -0.3991061592264681 0.05984300069130551 0.6020069861531974 0 0 0
1 -0.05697510734573128 -0.09383214247630851 0.6589292326777495 0 0 0
1 0.4448110643813499 -0.7473885676292586 -0.481225938395546 0 0 0
1 -0.06550276884439521 -0.5275170617068969 0.8021070177852562 0 0 0
1 0.5587905462656086 -0.22472967294302817 0.6218400134281427 0 0 0
1 0.4684921773426478 -0.43053772891138076 0.2045512525192447 0 0 0
1 -0.2647539408530324 0.43325861172486463 -0.51261711663754 0 0 0
1 -0.4368665459503395 0.14049568548474645 -0.6977051027170779 0 0 0
1 -0.07811698962159076 -0.3637234619593395 0.30822209815777424 0 0 0
1 0.6327173336185201 -0.07148921372520557 0.3340629905627535 0 0 0
1 0.6232551591704374 0.12183322853636862 0.5617064560642265 0 0 0
1 0.4028765598481718 0.18572390868559918 0.24886652347778973 0 0 0
1 0.24691823479803446 0.09638971068499548 0.1360791688032624 0 0 0
1 0.8259565798552718 -0.1099035175404067 0.24836708104913657 0 0 0
1 -0.3517944969161149 -0.4355906250126545 0.13708453704572812 0 0 0
1 0.16930990062047216 0.5834512352039974 -0.5548217610896773 0 0 0
1 0.4330598128052756 0.6545405218427486 -0.41073491809941115 0 0 0
1 -0.44867978495738425 -0.025433673699842407 0.7977389157636553 0 0 0
1 0.20252225245424327 -0.12444280476817493 -0.21987189145110095 0 0 0
1 -0.2588001449739819 0.18580164810284636 0.7424678507623199 0 0 0
1 -0.27280141115999734 0.7035636099723624 0.011192243665171374 0 0 0
1 0.22113630848360935 -0.19081346975957392 -0.5694380565693672 0 0 0
1 0.614341657315866 -0.24427649886290007 0.4054688153071439 0 0 0
1 0.28894832237952334 0.45160875603558875 -0.6854736559165846 0 0 0
1 -0.06634973519512871 0.4879257193528842 -0.5199000594894558 0 0 0
1 -0.646926563808503 -0.5758403824680125 0.4238668732944936 0 0 0
1 -0.5570078577457265 -0.5980337981721904 -0.4566470053792513 0 0 0
1 -0.7819208919267648 0.25190925003717574 -0.13762450699452528 0 0 0
1 0.4000515215758668 0.07593202147932623 -0.720103005368105 0 0 0
1 -0.17765360017810158 0.1976375565566847 0.7620846738053582 0 0 0
1 0.07639271995900396 -0.8404667034261571 -0.3932589973579231 0 0 0
1 0.1720593264390961 -0.29080670779819034 -0.4793371044296702 0 0 0
1 -0.45648431365446956 -0.4300816498647758 -0.1475800011483523 0 0 0