200
0
1 0.6578312579319023 -0.49616822736530786 0.05609618187691351 0 0 0
1 -0.6258217387091766 0.014402435226268087 -0.5200213811282225 0 0 0
1 -0.5061279577008402 0.4914107791977433 0.6205771716106693 0 0 0
1 -0.031854198951368276 -0.04071530319242758 -0.8501581176007592 0 0 0
1 -0.2078167223986625 -0.010045621897473232 -0.8392762326908706 0 0 0
1 -0.06480676973139408 0.2525912268296322 -0.9650853552044827 0 0 0
1 -0.2588045739969897 -0.3828976050462702 0.6528894659176401 0 0 0
1 -0.34590987169842285 -0.19355824217428516 0.3725096276733401 0 0 0
1 0.39885977485092705 0.6637020292245049 -0.08912887437932619 0 0 0
1 0.24099692750559562 -0.25606727717519956 -0.19915222766777171 0 0 0
1 0.4667995427718048 -0.456298567618681 0.35021662770588746 0 0 0
1 0.38495222902630205 0.16488348887979257 -0.4420427816444467 0 0 0
1 -0.19766521399481132 0.7329177872086483 0.4754887019962335 0 0 0
1 -0.3853064461148098 0.299557687842004 -0.4221603036182232 0 0 0
1 0.3392581507535791 -0.5118179538690614 -0.2763913338240934 0 0 0
1 -0.40538699844012305 0.0012772178375460748 -0.5683238553687986 0 0 0
1 0.0639829478099352 0.7185605907057874 0.4991072233227591 0 0 0
1 -0.7675017245483777 0.09015787880040672 -0.5741231844268495 0 0 0
1 -0.7853071733041745 0.2166212904992159 0.40901894915726295 0 0 0
1 0.9577817899932703 0.26385674424452626 0.041332348149794515 0 0 0
1 0.4734471935814462 -0.16502472671999432 0.8590052565103868 0 0 0
1 0.2856142621458727 0.6042231080620025 0.7298295554306601 0 0 0
1 -0.25025819782057657 -0.09494910729542594 -0.8338453709396648 0 0 0
1 0.6381867686647267 0.09866940575341364 -0.5079825874397147 0 0 0
1 0.1476799596938602 0.6951226864015236 -0.3009721212035512 0 0 0
1 0.4763076115710454 -0.5062990661128532 -0.45095530512970866 0 0 0
1 0.1411125110150595 0.5306380932430487 -0.12905646027733989 0 0 0
1 0.7394868779873277 0.3347546641541506 0.5356295109273597 0 0 0
1 -0.05166321095610955 0.5668359705613198 0.12727785158648677 0 0 0
1 -0.7077698807273358 0.05271503681051708 -0.1725439912124157 0 0 0
1 0.5978215686702255 -0.6123318748793058 -0.29231887524695604 0 0 0
1 0.1043127670354418 -0.5526236862583846 -0.1500037895812418 0 0 0
1 -0.010257982405563923 -0.5814523360381285 -0.29023979644176234 0 0 0
1 0.2432996465841475 0.3777307227942432 -0.5786977085520457 0 0 0
1 0.6810454278908664 0.36600502341135016 -0.14682619837906147 0 0 0
1 0.2873636434157823 0.09399088603499856 -0.7324405846269554 0 0 0
1 0.0476734333176743 0.6578174306890707 -0.3808234414901003 0 0 0
1 0.26420232338065347 0.04637658045383689 -0.8238435982817798 0 0 0
1 -0.5032980343356905 0.5614259036558998 0.130006546368803 0 0 0
1 -0.19278893171869443 0.8451962668022625 -0.1696666414607742 0 0 0
1 0.28278638683334145 0.270172838922189 -0.5208927738752286 0 0 0
1 0.9539401047267162 -0.19857950124915055 0.01920290256139972 0 0 0
1 0.3812085001968003 -0.3141337532532133 0.23144407010807505 0 0 0
1 -0.07928313853744193 0.16209642411770678 0.17275481499767745 0 0 0
1 0.2528709874744057 0.5915904385484564 -0.29066208905377466 0 0 0
1 -0.5799406316639958 -0.25169893626175843 0.23020718944802032 0 0 0
1 -0.15417680421105973 -0.3521243887194057 -0.9181865882901199 0 0 0
1 0.16040631571474046 0.8800129500921325 -0.0642857039234953 0 0 0
1 0.7359135697423612 0.0926060206286128 0.6035590581270189 0 0 0
1 -0.012934683362230024 0.27865506918916627 0.6947695446464973 0 0 0
1 0.006224978005198859 -0.10677121674891032 0.2310039536360255 0 0 0
1 0.8550454441596222 -0.13896300550517993 0.08343171897375984 0 0 0
1 -0.4220250787546365 0.554961135618076 -0.21672119385573882 0 0 0
1 -0.584643059454156 -0.6031348032687999 0.3201972173692359 0 0 0
1 -0.9682815383753572 0.11118514285397764 -0.07320395817061805 0 0 0
1 0.07838686014661397 -0.6717587164288477 -0.07229360489091216 0 0 0
1 0.6872780901526163 -0.17009728456026776 -0.3588462815085793 0 0 0
1 -0.10403649676859905 0.43977566439656646 -0.7980112701447173 0 0 0
1 -0.12378187957272534 -0.7648830306345685 0.35523794217621585 0 0 0
1 -0.5619700300288197 -0.12134473900697967 -0.08714644224867055 0 0 0
1 0.3719283442492128 -0.1862985868929982 0.8561913360090768 0 0 0
1 0.008624956935893381 0.8207407201736971 -0.29437780622632354 0 0 0
1 0.7171268452264201 -0.5129150048047035 -0.3642659580416731 0 0 0
1 0.5539277022402652 0.7427511829251839 0.1183579727542047 0 0 0
1 -0.4797135001257944 -0.21315004992160214 -0.21737559959564007 0 0 0
1 0.16921255541134989 0.12220084540458515 0.6654541117907059 0 0 0
1 -0.2994390964081655 -0.23823114875358703 -0.13426303385722335 0 0 0
1 0.7930174575438685 0.0005081996471625088 0.5064073145816006 0 0 0
1 0.6466933814572047 -0.5623218639965244 -0.08552838037465144 0 0 0
1 0.3364533154265063 0.23956794260616843 -0.6341409071338097 0 0 0
1 -0.034735372488750936 0.42519419568685124 0.5277429617166401 0 0 0
1 -0.11696812024320694 0.3376191821668186 -0.42748101110915293 0 0 0
1 -0.6457463816060193 0.22572737233965529 0.37619579804568054 0 0 0
1 0.44103002214335557 -0.2838931257613917 0.5999246181789134 0 0 0
1 0.268911210993229 0.25347504680074634 0.38730077630949816 0 0 0
1 0.1334120781397229 0.8605858611262206 0.34651666484578275 0 0 0
1 -0.31899860290442045 0.7345809206359404 -0.017386294477175265 0 0 0
1 0.13776179954463516 -0.41207722292130555 -0.7441779184877004 0 0 0
1 0.1319852064247753 0.05406627655065353 -0.5164005397271995 0 0 0
1 0.2696597543901797 -0.6040134582477691 -0.5348297193861383 0 0 0
1 -0.1806190701945173 -0.03214694023837616 -0.3694847082620539 0 0 0
1 0.4153576248672232 -0.6972713277181034 0.45295339925973205 0 0 0
1 -0.24340677055838375 0.5081755060175794 -0.4948108911730777 0 0 0
1 -0.19909017084580605 -0.10302777902653762 0.16452191238660102 0 0 0
1 0.23678008611579085 0.2264175364660992 0.2743101827360234 0 0 0
1 0.12919266919569233 0.5700599329257872 0.6662641800566692 0 0 0
1 -0.380361992052273 -0.5062230292268797 0.6053534937977623 0 0 0
1 -0.2591540189713372 -0.3536278732421838 0.20989798442789934 0 0 0
1 0.3178125795601602 -0.5840494396612095 -0.3971303742760529 0 0 0
1 0.7183123112646594 -0.043951141787983115 0.4865433160270427 0 0 0
1 0.7464873183145724 0.474071799648541 -0.07618697093425669 0 0 0
1 -0.01579632466737393 0.5760123221754192 0.545078160243798 0 0 0
1 -0.4953059786530669 -0.20704853286968414 -0.23839745786992045 0 0 0
1 0.37618845962154507 -0.33636815786572244 0.09153014100474795 0 0 0
1 -0.4705387288987149 0.0011172578692945202 -0.2073552006253351 0 0 0
1 -0.35060326549245396 -0.7203637053900842 -0.5531553833332502 0 0 0
1 0.2125698159876938 -0.5839288642035033 0.27945672807257627 0 0 0
1 -0.008748752239311559 0.7110629888201572 0.6439271295003446 0 0 0
1 0.055972354268964845 -0.3082288251962315 0.8824666640628963 0 0 0
1 0.04268407267605512 0.1648816314234282 0.37432973163443406 0 0 0
1 0.14911595965636262 0.4268337030170099 0.38801287978760285 0 0 0
1 0.18346741842180234 -0.6215460440361217 0.563966885153163 0 0 0
1 -0.5187986540880815 0.18826659856223363 0.14749737149803252 0 0 0
1 0.19411233887121582 0.1906654231472313 -0.4435523366104452 0 0 0
1 0.6455383496663653 -0.55477108936393 0.2462539263254682 0 0 0
1 0.08093853154838156 0.10240854414572388 0.007795567965464703 0 0 0
1 -0.6596036899908376 -0.663908125806172 0.07579803785536883 0 0 0
1 0.310406524048033 -0.18216819415633542 0.7104030052195335 0 0 0
1 0.7654590887491981 -0.4384419582961509 -0.32088220898779085 0 0 0
1 -0.11601646413735962 -0.1475940709652094 0.034397697046365035 0 0 0
1 -0.0357263325581972 0.5800057704553897 0.36188283818080297 0 0 0
1 -0.35342920968930397 0.7201909514008471 0.2549037630764459 0 0 0
1 -0.474090445385336 0.42045152379334677 -0.676415110852417 0 0 0
1 0.10270887580509722 0.41291892684450393 0.5280327402569598 0 0 0
1 -0.1723177824585576 0.6818331357496921 -0.4153843706975112 0 0 0
1 -0.3137012784374454 0.4745214742158763 -0.054377160844693594 0 0 0
1 0.002360625956159769 0.5732668385304986 0.7730707390428991 0 0 0
1 0.6369358635784268 -0.355560659245553 0.04433512834719752 0 0 0
1 -0.7871560995403871 -0.1626491042521906 0.3623378920138528 0 0 0
1 0.5648436032420222 -0.560659307742736 0.27345840543926103 0 0 0
1 -0.6012899633101539 -0.10994163772691075 0.012536667987686172 0 0 0
1 0.2631802142202678 0.10964023277900548 0.5289052960646707 0 0 0
1 -0.16960316545647508 0.05400475587336909 -0.917507700154989 0 0 0
1 0.5212146905860172 -0.32605103189428 -0.38080688483705705 0 0 0
1 0.38186960883342985 0.17978286522169357 0.08295168042346023 0 0 0
1 -0.6523722451587199 -0.059895347362055186 -0.028861887555700117 0 0 0
1 -0.7867180127051928 0.16951725915196372 -0.10247585126439437 0 0 0
1 -0.6866173422356532 -0.13215364253154194 -0.3966451959798419 0 0 0
1 0.4741683686812483 0.6823446612586739 -0.23454813216300208 0 0 0
1 0.13003587979134837 0.2903045053352436 -0.010670745205727906 0 0 0
1 -0.28721085037972754 -0.3220707819584412 -0.6521500368478295 0 0 0
1 0.5053267177313588 -0.02414501965530508 0.7402794477917879 0 0 0
1 0.0896152519991595 0.17281211388800985 -0.08023025668246872 0 0 0
1 0.35188932034946885 0.0044679792144225695 -0.487484505628849 0 0 0
1 -0.3985577532289185 0.17503498791962543 -0.8932468914214532 0 0 0
1 -0.02281136199554626 -0.18181115971897405 -0.5403580699966981 0 0 0
1 0.21219307980783003 -0.20315828681163436 -0.23553264418395073 0 0 0
1 -0.48876343561039404 -0.20358945699233205 0.6022577740503695 0 0 0
1 -0.20719192324055385 0.8495877459235377 0.12317762368734102 0 0 0
1 -0.18215429624727572 0.6533241039392808 0.43608295859283225 0 0 0
1 -0.6282903722565513 0.15775238460061736 -0.26839378212370746 0 0 0
1 0.7633948409291638 0.35619297649585857 0.2542354546058573 0 0 0
1 -0.585355956744834 0.5450448416061138 -0.3673078314317459 0 0 0
1 -0.043334908078079465 -0.5875813124600895 0.17515473435566353 0 0 0
1 -0.0577209542549239 0.04117805239386746 0.03397149271230377 0 0 0
1 -0.3523603056041108 -0.1556177348342417 0.25092187333798366 0 0 0
1 0.27575064543010674 -0.5085982288343199 0.4216827364128285 0 0 0
1 0.31473736390130996 -0.6923025541383666 -0.4430304358850028 0 0 0
1 -0.05582526741642302 0.37772695984374893 0.7140603722212606 0 0 0
1 0.2128498114222803 -0.9077738719350346 -0.2643229347922711 0 0 0
1 0.3668959518883736 -0.2781957923001419 0.8770468475434526 0 0 0
1 -0.19952508254358203 0.5307618447795508 -0.025181222274473385 0 0 0
1 0.4083425662536232 0.5587304525938163 0.31125630859131875 0 0 0
1 -0.49510778230728153 -0.6287889861319975 -0.028354133557232347 0 0 0
1 -0.31059267597306334 0.5483711366249389 -0.4258357850828418 0 0 0
1 -0.47496016634749894 -0.21245915222625483 0.5710321238034705 0 0 0
1 -0.30475641057585423 -0.6398067977030678 0.2010610223756008 0 0 0
1 0.5857569108347058 -0.4690877006862125 -0.31201996819179517 0 0 0
1 0.2229249242268042 -0.6625809418625549 0.1975249576007693 0 0 0
1 -0.10366934852232583 -0.18996693112833052 -0.7971037013037046 0 0 0
1 -0.5526788495909969 -0.2323410570397576 0.06588468683239249 0 0 0
1 -0.7808615543920074 -0.5938761716164916 0.05394648645738832 0 0 0
1 -0.671468130493647 0.31649407831983634 -0.4047408924487996 0 0 0
1 -0.77095174044052 -0.14094915988670423 0.5954112438717666 0 0 0
1 -0.6347625774547516 0.41424577348936853 0.06584760815015797 0 0 0
1 0.0667563465405757 -0.007986130124460401 0.3901831361755644 0 0 0
1 0.8707733263818678 -0.15377669475588346 0.38735453667337366 0 0 0
1 0.20861237472231667 0.5885247262715698 0.33529655535920383 0 0 0
1 0.5607926468737268 0.07395446490661843 -0.7872905831511551 0 0 0
1 -0.09750363869837325 -0.20796362004362692 0.19090279566669882 0 0 0
1 0.31649736847885795 -0.7443885057510273 0.2990600679526311 0 0 0
1 0.5956288893302777 -0.16473854814074068 0.11782921095132669 0 0 0
1 -0.27584764706285664 -0.8202547324303742 0.2515021954489051 0 0 0
1 0.7098918158940287 -0.12649647886027154 -0.570409725136966 0 0 0
1 0.07425137837079802 -0.6138782876264085 -0.6735920200676762 0 0 0
1 -0.6135997874562484 0.09732265574012197 -0.754115440125715 0 0 0
1 0.0868761299166699 0.13592554038449875 -0.8763765633949386 0 0 0
1 0.50880663758827 -0.7934484287944067 0.04486705007680545 0 0 0
1 -0.21258391836059748 0.23082113925343248 -0.08305750700589185 0 0 0
1 0.10648323261160354 -0.24613177117470356 0.7112539840524351 0 0 0
1 0.2243589475649378 -0.057913307838528376 0.7706664413064066 0 0 0
1 -0.26951897379504747 0.7100323119384648 -0.059881228634826415 0 0 0
1 0.27727539634672693 -0.598233187426185 0.31206958835885584 0 0 0
1 0.5668542492432271 0.10813735305332726 0.6915713804132719 0 0 0
1 0.3638656867702484 -0.8269293945596258 0.2955954553421709 0 0 0
1 -0.04070638595934801 0.9321044691784892 0.30536593266591305 0 0 0
1 0.11942614714522584 -0.5982194458514053 -0.44108640899071344 0 0 0
1 0.2866436972261959 0.5983908790050053 -0.512469854254727 0 0 0
1 -0.500538587036425 -0.6180248027651843 0.097795228978499 0 0 0
1 0.19042613863870275 0.800625804630508 0.5439635953468137 0 0 0
1 -0.019498437306605054 -0.8085952314976124 0.1967934763413417 0 0 0
1 -0.6703215527289864 -0.40159966174517314 0.4855447139031308 0 0 0
1 0.10650561188453449 0.06281374528849083 -0.16482063501800973 0 0 0
1 0.7385346573779393 -0.0747525808707755 -0.015173335776452829 0 0 0
1 0.06643708394246375 -0.45863042614199606 0.27202080907285425 0 0 0
1 0.0836924361507153 -0.371284796758851 -0.011794117120886814 0 0 0
1 0.14538438510854582 -0.418569987899908 0.8082855806877253 0 0 0
1 0.11329652169922602 0.6010911649071806 0.2369412281627892 0 0 0
1 0.36812349210134593 -0.7653073185886843 0.016240306413723073 0 0 0
1 0.3825980359782459 -0.5578289680627241 0.2999470470544672 0 0 0