15
0
1 0.26901486685496556 0.6304744745774787 0.36388950783258556 0 0 0
1 -0.5526249106610269 -0.02677141176321895 -0.6369661608780838 0 0 0
1 0.3852986489088159 -0.05103557589374875 0.037523878671791785 0 0 0
1 -0.531753706697095 -0.7785259416897042 0.01323286379404607 0 0 0
1 0.17398271839739643 -0.8813529616501552 0.31739583849434855 0 0 0
1 -0.5934701308494275 -0.5239268321506004 0.1637393668726999 0 0 0
1 0.04824848053697679 -0.9562485585762251 0.04343798188614424 0 0 0
1 0.3084172814898751 0.12331034021159164 -0.053770755164846994 0 0 0
1 -0.07438846541311087 -0.6083196590671661 0.32067627667944537 0 0 0
1 0.18309526282376792 0.3183037691004186 0.5362021366459542 0 0 0
1 -0.24575375410653935 0.06329334350306223 0.454689267740728 0 0 0
1 0.7373908652114199 0.1756627640767917 0.38007950619656283 0 0 0
1 -0.11549044207930205 -0.040654162234846386 0.2693945270250546 0 0 0
1 0.5415262665579885 -0.17592691855904352 0.7829516840009143 0 0 0
1 -0.6043716825276453 -0.2976368864911874 -0.5108444719667388 0 0 0