50
0
1 0.1080329771749182 -0.8574361184307462 -0.49027920957090837 0 0 0
1 0.6856645373827469 0.09634197200835802 0.5913751118091322 0 0 0
1 -0.8774192642669385 -0.003790876144774637 0.2066178705840687 0 0 0
1 0.48232566442537433 -0.21574491892145206 0.7479041401719532 0 0 0
1 -0.443543934843208 0.785268979019139 -0.2790198780874094 0 0 0
1 0.04522101104455351 -0.8001236285357243 -0.51586995322792 0 0 0
1 0.2963134664946482 0.222477727912444 0.4227865164490785 0 0 0
1 -0.18267169044806175 0.8566692686725209 0.22853498608163345 0 0 0
1 -0.022214903450373764 0.5293179616379398 0.546574641018274 0 0 0
1 0.08929404575762441 0.3384705026602463 0.6578737588759785 0 0 0
1 -0.22485476918728528 0.8267308988878999 0.07394971363404874 0 0 0
1 0.3302951926748488 -0.6431624271385437 0.6221221519917552 0 0 0
1 0.7006029987370365 -0.6150327601607963 0.13824979444857335 0 0 0
1 0.2476257922840336 0.9160647345430654 -0.06881038020311266 0 0 0
1 -0.3358093989176974 0.18463115382786055 0.4360404723747456 0 0 0
1 -0.5514106970311612 0.11927082037523275 -0.691439838687051 0 0 0
1 -0.13924033091422963 -0.19280721855989943 0.013148671137076531 0 0 0
1 -0.0008418559087966441 -0.47062131501173954 0.06832521002896844 0 0 0
1 0.16426141379954295 -0.7293770075077038 0.4535035113963465 0 0 0
1 0.4060161506075707 -0.84943412158214 -0.044234145662407194 0 0 0
1 0.811047837039496 -0.24542132946137818 -0.15934141801458357 0 0 0
1 -0.8196914551423505 -0.5015537666852057 -0.20577533994477815 0 0 0
1 0.7203017532332201 0.19526176645702628 0.10199024432679252 0 0 0
1 -0.1220935784176341 0.22605484399281395 0.274392400583902 0 0 0
1 0.27143320239660074 -0.6752787270640418 -0.32525681388209915 0 0 0
1 -0.6488546373062012 -0.5791572921289652 0.3727618296332891 0 0 0
1 0.31927406276484555 0.22618704604379328 0.6775896828297951 0 0 0
1 -0.2871980962693345 -0.8142807782648348 0.24216233974068901 0 0 0
1 0.02393579181845302 0.5049048604269017 -0.38608402546674814 0 0 0
1 0.6636935382665873 -0.08404421676220082 0.4149295504575034 0 0 0
1 0.07929616688581374 0.7506023955629927 0.44093994209547605 0 0 0
1 -0.33651075601827657 -0.7873555088281616 -0.4855216344779401 0 0 0
1 -0.63600622192903 0.24324021908063176 -0.6534471374133743 0 0 0
1 -0.24349236247651965 -0.6787960550073346 -0.022862968495099587 0 0 0
1 0.06346170155405177 0.3844873359075208 0.49203882602399945 0 0 0
1 -0.5584763387758442 0.11973458891564287 0.48198456777145765 0 0 0
1 -0.3653577111163483 -0.06962298672581033 0.4229973489724313 0 0 0
1 -0.8738807542465612 0.34312179364502554 0.07943751204400139 0 0 0
1 -0.38623526564907706 -0.4325370419710279 -0.34940341624502713 0 0 0
1 -0.660209340267402 0.08868113262169215 -0.6786111756658384 0 0 0
1 0.15046273845928038 -0.4187407567368696 -0.019722185429128524 0 0 0
1 -0.3188822048035629 0.4786897549831106 0.5385817255748863 0 0 0
1 0.7138797938893786 0.3915060076047371 -0.530086293330106 0 0 0
1 -0.15778011381838347 0.5349999608470075 -0.007920104203047618 0 0 0
1 0.02712057935546865 -0.6037178913313367 -0.23220736403707617 0 0 0
1 0.19885059743657074 0.8030336289224934 -0.29756342366562505 0 0 0
1 0.331390528088567 0.1891188291744094 0.7783458255574749 0 0 0
1 0.026097059943821166 0.012586442929192417 0.2434524816364392 0 0 0
1 -0.014396003471274236 -0.4087628256394611 -0.6685348216361117 0 0 0
1 -0.02267636582895542 -0.40543062877013053 -0.8141903462778508 0 0 0