300
0
1 0.14948519199662233 -0.864685596807451 -0.047370342776394216 0 0 0
1 0.49226501681379753 -0.200004552191914 0.21194431132504002 0 0 0
1 0.2429454862178839 0.4340639783347788 0.2422764290637998 0 0 0
1 -0.7502233662898803 0.4705392742317284 0.3937819830906864 0 0 0
1 0.7897816900522231 0.07708307924906874 0.19820458454329742 0 0 0
1 0.07747372082540849 -0.16178769427015763 0.41633227257545485 0 0 0
1 -0.9679063845863483 -0.05548306644695159 0.06165265944855584 0 0 0
1 -0.21014806582881584 -0.19687193422582416 -0.027844311369447573 0 0 0
1 0.05975075596282351 0.3864047871213125 -0.2833219432326153 0 0 0
1 -0.26038402585077747 -0.13266785146750587 -0.16495676627789793 0 0 0
1 0.14766261924420976 0.06129587030599135 -0.7028274368880111 0 0 0
1 0.3889354441328378 0.6702062256300876 -0.5580605623797641 0 0 0
1 0.27067784497819564 0.5171263532246456 0.36188877350627296 0 0 0
1 0.6596527885205052 0.17481500190689925 -0.29900781396950404 0 0 0
1 0.08353906840064955 -0.4803322492938332 -0.554735852735655 0 0 0
1 0.45181761091498746 0.3938874500685541 -0.7986014521548073 0 0 0
1 0.1673231262810527 -0.01797414584109911 0.3830077935732535 0 0 0
1 -0.35864927459450946 0.6445446720311847 0.5672432650361982 0 0 0
1 -0.03130750997612509 -0.31916195116167506 -0.2976285274816071 0 0 0
1 0.24618671757450053 0.5801624725469993 -0.15990824087337993 0 0 0
1 -0.8206988368290197 0.416194955046723 0.28506902040786425 0 0 0
1 0.3121290336872957 -0.4943838181021809 0.14625103262931852 0 0 0
1 -0.4256636341321095 -0.5151480557013463 -0.17262593203325938 0 0 0
1 -0.2818455541661341 -0.15219150736724005 0.3336705376507529 0 0 0
1 0.052615859448324795 0.4481962926685682 -0.12170877992709461 0 0 0
1 0.21736052493541666 -0.875974361446702 -0.021204199900435074 0 0 0
1 0.7845674031823335 -0.054371175312303274 0.11717671009210315 0 0 0
1 0.47915900026665864 -0.049207377092598155 0.13633111919574206 0 0 0
1 -0.18214453459086763 0.014281515878571727 0.16588267090599154 0 0 0
1 -0.6813447835934535 -0.4402058214747383 -0.4516581283997449 0 0 0
1 0.7518377870396697 -0.41201496144509836 -0.4530760872631116 0 0 0
1 0.019402733512055546 -0.137363004630554 0.6507554043697352 0 0 0
1 0.6147915589862227 -0.025928511140244283 -0.39401634587037115 0 0 0
1 -0.09507789426414108 0.24960542607265065 -0.3801397723666351 0 0 0
1 -0.6447469555981064 0.20155595644988566 0.02143206349066328 0 0 0
1 0.19944062496877268 0.663311542111821 0.5160054190843841 0 0 0
1 -0.11259205486667442 -0.1643147410983213 -0.36903654100249444 0 0 0
1 0.4339077165906303 0.45945904576859764 0.01128968733851865 0 0 0
1 0.5521471778602827 0.16966915903133198 -0.7755770578839035 0 0 0
1 0.49009192353851616 0.29687409678196147 0.720092181097049 0 0 0
1 -0.06701694955789315 -0.4036854273345728 0.880265897800999 0 0 0
1 0.2981460447600565 -0.008455800250240123 -0.5023995880017484 0 0 0
1 -0.4641929926531802 0.30403303166989576 0.008504065292177463 0 0 0
1 -0.2755356676649004 -0.013236042971344794 0.5654332379306164 0 0 0
1 -0.5316726702087347 0.5813420219480756 -0.1413973913330157 0 0 0
1 -0.18261778812519186 -0.3341876248350906 -0.15964092548488387 0 0 0
1 -0.40424757926528904 -0.5019947537744818 0.43337801459727954 0 0 0
1 0.08697484492635664 -0.5867243056505348 0.7329929225874502 0 0 0
1 0.21524311025332019 0.7308288489694131 -0.5139657444679041 0 0 0
1 -0.04976449575557718 -0.16937021542875266 0.4759734859119232 0 0 0
1 0.10911817328457764 0.6111374133792888 -0.48117914652650157 0 0 0
1 0.2910160975389296 -0.20980123133905865 0.2960882493553505 0 0 0
1 0.02869074137945147 -0.5990073315235567 0.46900810122744807 0 0 0
1 -0.2784856988746353 0.6016638487970013 -0.3124051364052886 0 0 0
1 0.24182470186125304 -0.2237717874064187 -0.5137752790462631 0 0 0
1 -0.22662006474886623 0.22449541209990712 -0.7542174435409165 0 0 0
1 -0.4414860342369692 -0.6575704998461704 -0.41217356142996736 0 0 0
1 -0.08714645423104238 -0.718564310370154 -0.4400800645064112 0 0 0
1 -0.12562413823319865 -0.08438413019902036 0.7869859522812678 0 0 0
1 -0.11321720792688458 0.5189607921806544 0.24313717762183057 0 0 0
1 -0.45672514222366856 0.7042576472431747 0.5333216558116703 0 0 0
1 -0.20218162824924457 -0.10521692427955356 0.1440766246267903 0 0 0
1 -0.6160572670158182 0.3388970530921365 -0.3058540985400209 0 0 0
1 -0.4655542510860801 -0.06942731063011773 -0.624698065174009 0 0 0
1 -0.0764102076924579 -0.9101024761853614 -0.015983361422463968 0 0 0
1 -0.305036955032685 0.3141098502403177 -0.11762152807828875 0 0 0
1 -0.4693423627003084 0.5330828677331421 -0.17069664285430422 0 0 0
1 0.04368385737965668 -0.44833281692892585 0.10618092794466212 0 0 0
1 -0.3384455849051616 -0.23876695929128255 -0.23213260753605866 0 0 0
1 0.1253102941508643 0.7039337496037156 -0.5842289798491161 0 0 0
1 -0.17854157915070373 -0.07717886264378114 -0.8280633436793073 0 0 0
1 -0.1131601255491855 -0.5003066817916726 -0.6947144000862181 0 0 0
1 0.4679904072229373 -0.5001647030999763 0.7246335151817619 0 0 0
1 -0.1873326042759586 -0.4949582149186252 -0.1916708504854683 0 0 0
1 0.5855084952434202 0.014125648634292911 -0.710872436996598 0 0 0
1 0.8403172131813028 -0.04231916958689011 0.36926288800497703 0 0 0
1 -0.11748328004628686 -0.562600339889144 -0.42120884801125885 0 0 0
1 0.9851261455667156 -0.024784256848561025 -0.14192935779168966 0 0 0
1 0.006051521153715916 0.3571041230138796 -0.8125047672315353 0 0 0
1 -0.7768635033140289 0.4503092997938159 0.3530197155778334 0 0 0
1 0.18769215705898382 0.5943001232312378 0.04306354712513918 0 0 0
1 0.02750200630199246 -0.33241865902206874 0.11624415051343388 0 0 0
1 -0.4658441639357192 -0.060797826564329895 0.13653803837365353 0 0 0
1 -0.33405766846430673 0.07488298053747748 -0.11590131159359625 0 0 0
1 0.5755097929921623 0.7209781124444675 0.026851860936515357 0 0 0
1 -0.006886622546025953 0.4611655784742674 -0.6039219271640166 0 0 0
1 0.6440873063027881 0.39610345082527176 -0.13388448175661014 0 0 0
1 0.35667941165876976 0.08106542233645454 0.33041558447151903 0 0 0
1 -0.17427281800032193 0.6053533170413055 -0.4366272898140835 0 0 0
1 0.3180017236224366 -0.3440861209405304 -0.09714829903380388 0 0 0
1 -0.3188377605728707 0.04594543490583994 0.10545437479278591 0 0 0
1 0.8298492143786338 -0.058376576257514204 -0.47779609174766585 0 0 0
1 -0.5305871746487318 -0.34133260481663596 0.1956914649943547 0 0 0
1 0.6665758882985447 -0.1929880388851042 -0.6583585991081339 0 0 0
1 0.24714433739504768 0.2926755230671431 -0.6324468898363012 0 0 0
1 -0.1332917511671876 0.1688738659965713 0.17773676880702977 0 0 0
1 0.6807008628867237 -0.054038894740892476 -0.0853741114682663 0 0 0
1 -0.5141960609036416 -0.15060355501679343 -0.17685265562216151 0 0 0
1 -0.11569595726803424 -0.6034612809601334 0.05156248956350863 0 0 0
1 0.859383058004985 0.07431780310631861 0.27366044923583877 0 0 0
1 0.25348582812779485 0.3639536642519625 0.6299304732340266 0 0 0
1 -0.6954238236855608 0.19364558872280715 0.36057403390004 0 0 0
1 -0.513376051380501 0.36759682555625733 -0.4622807338070238 0 0 0
1 0.662819307274909 0.005554160366501654 0.20890381785323392 0 0 0
1 0.7983269006565739 0.37439730949473204 -0.4623767914916542 0 0 0
1 0.0033525409024868346 -0.773184784858589 0.1953072800585899 0 0 0
1 -0.18586815938420104 0.7750813274610459 -0.3833250744906573 0 0 0
1 0.24251515082066133 -0.15907431297950206 0.7993804105101593 0 0 0
1 0.3789097232983325 0.160230903369399 -0.002662779124539217 0 0 0
1 -0.5261788490339185 -0.007508788067823208 -0.2424759800958294 0 0 0
1 -0.44842637227825877 -0.3643284869139461 0.3308930982176634 0 0 0
1 0.8036054440231581 -0.4131588333411042 -0.12339009016504267 0 0 0
1 0.15956264877136261 0.4652713601297268 0.04167165498744621 0 0 0
1 -0.9641412780948626 -0.15122708435840107 -0.012740507612848152 0 0 0
1 -0.8414823366620164 -0.32948276567342205 -0.21675219233739965 0 0 0
1 -0.7239999863965703 0.18220338343250803 -0.572324890733629 0 0 0
1 0.36801003201605514 0.28576315051997625 0.5527958882283415 0 0 0
1 -0.1850971339807022 -0.8375567534501324 0.49030344198315395 0 0 0
1 0.02684109084369342 -0.5473981515016907 0.18957850221335826 0 0 0
1 -0.5428915003784115 -0.6668918959670105 0.12686794936775816 0 0 0
1 0.2581264427103181 0.43837390999439735 -0.024821557291011008 0 0 0
1 -0.2326706423799739 -0.2558145367544673 0.6373728409523512 0 0 0
1 -0.45717358155969207 -0.8751066494546569 -0.06370876595310376 0 0 0
1 0.49639188234979764 0.5316310093229075 0.3741565428581472 0 0 0
1 -0.2967429953257298 -0.07454316983329477 -0.5540615927251272 0 0 0
1 0.133743453808698 -0.4533429575469271 -0.09999843447966568 0 0 0
1 -0.2279706099166836 -0.098396460531086 0.04353002966951138 0 0 0
1 -0.3344928275894027 0.09914023256399199 0.6599525867630647 0 0 0
1 -0.47199111758205503 0.3413966641627856 -0.062557776339194 0 0 0
1 -0.4487864893860161 -0.1212171083069391 0.13250124461513174 0 0 0
1 0.13318630757733269 -0.47542813931014594 -0.04690606504109572 0 0 0
1 -0.0216350837968624 0.8919438826241151 0.06470317226522697 0 0 0
1 0.00044972927713401767 0.39610880581494184 -0.2879077105350413 0 0 0
1 -0.7037112820026004 0.1051679144245758 -0.3151839684829251 0 0 0
1 0.06651351625222329 0.49248613089531085 -0.09358661423564091 0 0 0
1 -0.35545870076527003 -0.5217684003923598 -0.3309033528514947 0 0 0
1 -0.405535350323539 -0.2155963888371193 0.3806965725462324 0 0 0
1 -0.012269268797921656 0.7653612982086914 -0.11626585782203522 0 0 0
1 0.05510942156558527 -0.18669404982290813 0.1292950654371728 0 0 0
1 0.0765896378673714 -0.5477612929567377 -0.5593922387096225 0 0 0
1 -0.4266200435829276 -0.5213776369035056 0.623349787000467 0 0 0
1 0.4275377635918205 -0.1540753164938657 0.12253495633571522 0 0 0
1 0.4921219404187478 0.09008046134616726 0.45171958665246226 0 0 0
1 -0.24038561264064803 0.19707789137099319 -0.8456018550488784 0 0 0
1 -0.020380416004133258 -0.6289020045192694 0.18452212568013257 0 0 0
1 -0.4486119934904179 -0.08071680511620778 -0.40680393619774824 0 0 0
1 -0.015527762497631277 -0.7558844579145665 0.23311722646930985 0 0 0
1 -0.3954171690124301 -0.1088732217043759 0.5052743398683068 0 0 0
1 -0.2997462281579857 -0.10723251632286884 0.6882089029422246 0 0 0
1 0.5197204144346507 0.48731888166656023 -0.032110773870180055 0 0 0
1 0.016438191706847714 0.10117965500706479 -0.2087254996098141 0 0 0
1 -0.028985108557229328 0.2474628295616328 -0.04667913910453821 0 0 0
1 -0.618780956831951 -0.18225172921898858 -0.024005182213947533 0 0 0
1 -0.9644524802632553 -0.10700061960550836 0.1985065987427984 0 0 0
1 -0.26470471708963134 -0.5248196264465492 -0.23828618397170057 0 0 0
1 -0.634365815945494 -0.643118989666514 -0.024804332448419095 0 0 0
1 -0.07656981436865903 -0.0975627514327255 -0.39575055321879404 0 0 0
1 -0.15004704741243194 0.07770993795524021 0.16486449172264886 0 0 0
1 -0.16496095812072253 0.2802028873778518 0.04895586601931225 0 0 0
1 0.48848738036438005 -0.26937402534323257 0.1769623938961008 0 0 0
1 0.29745613644829905 -0.7208214913228922 0.10272909049193256 0 0 0
1 0.5175010154080812 0.174540026582055 0.023491651250837117 0 0 0
1 -0.6884111294362091 0.03750228021304256 -0.5351714255997737 0 0 0
1 0.5125554437879318 -0.40261932464330025 -0.3851821355593955 0 0 0
1 0.11858931992715945 0.6786747632690876 0.22580946999801058 0 0 0
1 0.25199469430876414 -0.19496810044742308 0.6144531102546936 0 0 0
1 -0.10954663099031245 -0.014658001967052125 0.657566077951495 0 0 0
1 0.45744176085137267 0.03739995001010374 0.5146728504962633 0 0 0
1 0.4697935701834176 -0.19181600073561877 -0.3421794874246755 0 0 0
1 0.27773368427149436 -0.8778798300140874 0.17251443908880115 0 0 0
1 0.7903647939088912 -0.21529192477883924 -0.5441260491516817 0 0 0
1 0.3885617593626571 0.49814916073515103 0.23894884998874585 0 0 0
1 0.16271747473194134 -0.1288474163953801 0.4298694769799514 0 0 0
1 -0.24452304208401124 0.24477369265680143 -0.8571263056428512 0 0 0
1 -0.3890774687960994 0.7868347490451505 -0.41587745814911425 0 0 0
1 0.3957107286246812 0.31701078638818586 -0.37740923798587156 0 0 0
1 0.8085817911969261 -0.5792338389436399 -0.08062128790930197 0 0 0
1 0.09447190045653517 -0.22385848413548293 0.8465914443036052 0 0 0
1 0.46012526303595214 0.43473977611104786 -0.6489195852045236 0 0 0
1 0.3797035884616999 -0.27816991135008495 0.5956037207477016 0 0 0
1 0.9241738206487888 -0.0742507340030915 -0.37214750707409994 0 0 0
1 -0.5425027661671359 0.14440024098119955 0.01699796938116285 0 0 0
1 0.07537579863859105 -0.44793986280926595 -0.18667402624966975 0 0 0
1 0.3778887366887127 -0.7377893694467247 0.48556547249488463 0 0 0
1 -0.28209676811446954 0.5433917267333119 0.4660961762409197 0 0 0
1 0.30747577290738676 -0.9487664128990825 0.034102698058466156 0 0 0
1 -0.5018482705630072 0.28883581669690866 -0.7120317402208237 0 0 0
1 -0.5653744595047316 0.18577321450249215 -0.6042025837213889 0 0 0
1 -0.09141431626425943 -0.37422126116307913 -0.11662668576040229 0 0 0
1 0.49311935448211525 -0.5450005456928271 -0.586950379109234 0 0 0
1 0.16654793310504784 -0.1415802346995263 0.5226858195162127 0 0 0
1 0.4757602328897331 -0.4977388554383283 -0.223682144414376 0 0 0
1 0.5503039156495396 0.23257489372577048 -0.4824369021981751 0 0 0
1 -0.9024195439048921 0.048050019762640006 -0.07772499410439787 0 0 0
1 -0.3354211596335734 0.41583438172217985 0.41672909601491354 0 0 0
1 -0.4447868670912724 -0.01757511421159599 0.0808373092206627 0 0 0
1 -0.4601392830634 -0.019834607424465873 -0.7317800240380993 0 0 0
1 0.3304172081137297 -0.4463754501244529 -0.32530823755639243 0 0 0
1 0.3767324295864959 -0.1951916534490103 0.41197417694630817 0 0 0
1 -0.15911357977518062 0.603217386332575 0.5573671118009551 0 0 0
1 0.08672804641180522 0.2796081544155151 -0.6410737638050514 0 0 0
1 0.3170216266414759 0.17685469509462085 -0.3727348685944307 0 0 0
1 0.5766927112736472 0.6105200434366828 -0.188615069201731 0 0 0
1 -0.4609999553245677 0.8252516650864204 -0.18816793913895238 0 0 0
1 -0.3368642964618922 -0.5916379800774991 -0.23873475396179653 0 0 0
1 0.3637248918840665 0.28738785129695776 -0.21674710467484135 0 0 0
1 0.5779319061925573 -0.4633779401258763 0.02798708560424503 0 0 0
1 0.20968559286323843 -0.9060325635281039 -0.14744972086352945 0 0 0
1 0.6375516083699256 0.234981803554034 0.15059865444035828 0 0 0
1 -0.5562232726712092 0.321287015281989 0.2047162777709818 0 0 0
1 0.5185516114479458 -0.4024018229045001 -0.5451505111065583 0 0 0
1 0.4084713464512644 0.1177302204480991 0.4422637313851426 0 0 0
1 -0.7449804667882445 0.1300823841906418 -0.46564207826022624 0 0 0
1 0.4255395788590043 -0.17523974261170178 0.24719779135082814 0 0 0
1 0.32266646631587975 -0.7449785988039577 -0.30450379770925073 0 0 0
1 -0.39527551580620135 -0.5247483066385298 -0.5319930709441419 0 0 0
1 -0.36843369260933934 -0.05946286463479838 -0.5224090395404776 0 0 0
1 -0.2523706999989408 -0.4076174095105433 0.05950572017279027 0 0 0
1 0.566933017120368 0.5955919293186087 -0.43911510640934753 0 0 0
1 0.3774064599125318 -0.44254947115920085 0.08246823242603121 0 0 0
1 0.48257781714586695 -0.36223534890860987 -0.385793964858315 0 0 0
1 0.8182195333697245 0.174656461878024 0.06499016194912996 0 0 0
1 0.47781986642335383 0.1336108907640655 0.09557352245409877 0 0 0
1 0.5443050132329634 0.4092514263808765 0.11462537929143325 0 0 0
1 -0.6006455527766029 0.03942809329976783 -0.2523876861332021 0 0 0
1 -0.2103102680938226 -0.4933731596070463 -0.24928199068799198 0 0 0
1 0.3596612291089594 -0.16551322421102282 -0.7787998960729335 0 0 0
1 0.7862051030233546 -0.5341370904434233 -0.17814883575570362 0 0 0
1 0.04273773955482784 -0.1735284086495281 -0.18765512297993858 0 0 0
1 -0.10848527009042187 0.712800535588691 0.4799377029435902 0 0 0
1 0.1306619949689709 -0.18243916989309197 -0.5415949680631108 0 0 0
1 0.06693489106049737 -0.24297880481549528 0.4083014828079186 0 0 0
1 -0.6065294646571958 -0.19177850904533683 -0.3117928233363299 0 0 0
1 -0.24241694267183264 0.5413405729791575 -0.5442813703966368 0 0 0
1 0.5508272527736426 0.24844504948780374 -0.01637234644151501 0 0 0
1 0.3466276849426307 -0.5755063873210405 0.727851719720495 0 0 0
1 0.4814141915186274 0.5756500841389507 -0.5593438933494969 0 0 0
1 -0.07687845951090512 -0.10610612290599272 -0.1429051541749042 0 0 0
1 -0.20381810512758264 0.25528333486097887 -0.46225307169833385 0 0 0
1 0.27839884015892835 -0.27175880223112187 -0.5465659823475539 0 0 0
1 0.29683463896468487 0.42946119199047145 -0.5989149827824942 0 0 0
1 0.022977284331817206 0.19579730907747725 0.8051849464877068 0 0 0
1 0.6389414819276815 0.07295737295460113 -0.4311991191000733 0 0 0
1 0.33599359466876744 0.2110321588640875 0.8782736863995776 0 0 0
1 0.0019413085982629824 0.514227968165785 0.45275744967247766 0 0 0
1 -0.7293926514043718 -0.07040523902087227 0.2968477167777472 0 0 0
1 0.4641185807451517 0.6621812812519544 0.31509223790006013 0 0 0
1 -0.2571397740674184 0.14400998106840862 -0.6004280059481706 0 0 0
1 0.3747904692818343 -0.5015824772358035 -0.4746384503440635 0 0 0
1 -0.48055268878039425 0.1282546231252325 0.6185208347804169 0 0 0
1 0.6821367249140454 -0.36947110948619877 0.20867812280381923 0 0 0
1 0.10909677399095093 -0.48899363319021527 0.8398470981444519 0 0 0
1 -0.39587191787908355 0.1425666413961616 -0.7075451344574417 0 0 0
1 -0.5037161009294029 -0.027653745102850923 0.46009280644535455 0 0 0
1 -0.3329150938039308 0.06286088431014682 0.5776614326408541 0 0 0
1 0.2745238791387594 -0.4811955171808183 -0.02949129733951145 0 0 0
1 0.5398446219915679 -0.0893835010273908 0.42838758382574194 0 0 0
1 -0.7246703430015912 0.2217505614190731 0.40513723393542095 0 0 0
1 -0.23797408956188443 0.6658948606441513 -0.4493992089329475 0 0 0
1 0.2730369930186237 -0.4375861918803288 0.7416588078991162 0 0 0
1 -0.019768912250781565 0.1313387124369095 -0.8210564644057731 0 0 0
1 0.45080496484713184 -0.1076717357492233 0.18719927230809721 0 0 0
1 -0.2586082700938675 -0.38746877596731494 0.4175524192094789 0 0 0
1 0.30005221789818237 0.0236512477421751 0.12516917823748278 0 0 0
1 0.12128488935902017 -0.2241228751682993 -0.8693602392853047 0 0 0
1 -0.22475465345183243 -0.3052024108543524 -0.7926946250000019 0 0 0
1 -0.21537948267928092 -0.5473540511169481 -0.18060241719187212 0 0 0
1 -0.6205296021331498 0.1330181552993563 -0.2660490261578917 0 0 0
1 -0.36711841558334135 -0.30150769801777283 0.061570569879584335 0 0 0
1 0.45597831812421463 0.4367792641023243 -0.23603452920977175 0 0 0
1 -0.16096335400863618 -0.460636142398564 -0.5587643242317883 0 0 0
1 -0.5157484511932224 0.694038475980772 0.2651179956219482 0 0 0
1 -0.013206591597457002 -0.6522861240632183 0.7175911874514053 0 0 0
1 0.053038095564650556 -0.8274447801935861 -0.23045883187377803 0 0 0
1 0.0665470673283307 0.16336074623481872 0.2820556691379036 0 0 0
1 0.08286135543506015 0.595452744436852 0.7538741178418733 0 0 0
1 -0.12075161097597821 -0.3129900112742062 -0.47967478760809545 0 0 0
1 0.323949975367564 -0.3352943642996434 0.25288346749947055 0 0 0
1 0.7928689493761663 0.30388080188929956 -0.01519229896383493 0 0 0
1 0.5924822491083436 0.005640399557474355 -0.3372355014738193 0 0 0
1 0.19300237135049564 -0.4892394985270103 -0.8375463852296703 0 0 0
1 0.7120072982024337 -0.3799211291470391 0.4490511342824835 0 0 0
1 -0.5106942999457434 0.2862375027994354 -0.48838523744947226 0 0 0
1 0.08393826652490785 -0.7323359643200829 0.15202698018186228 0 0 0
1 -0.1131821047959851 -0.4076499326581556 -0.2870460175116192 0 0 0
1 0.6481635016798037 0.2546224782637669 -0.5944587361431815 0 0 0
1 0.5323722011713486 0.009733528866849129 -0.11298814693366056 0 0 0
1 -0.003008894870450936 0.17285381679095999 -0.43501130454734643 0 0 0
1 0.6409004968572348 -0.041213751143232016 0.01866606341281582 0 0 0
1 0.14716042911118238 -0.2916189046152455 0.7360362311845126 0 0 0
1 -0.23922448590945639 0.22541411643075943 0.7974417391121766 0 0 0
1 0.2436692013898439 -0.47451959966702273 -0.20569969328517507 0 0 0
1 0.29322627782703137 0.9183998992421517 -0.22944355405270928 0 0 0
1 0.22325005244339455 -0.18218212300869624 -0.6543733547554719 0 0 0
1 -0.7144433369240515 0.31944322510516937 -0.2309856924078925 0 0 0
1 0.406377587833499 -0.3306377778688178 -0.8455052154278443 0 0 0
1 0.6225126249854613 -0.6901875699492588 -0.3313853753267494 0 0 0
1 0.1513490220031945 0.6399543763639289 -0.05129493650646187 0 0 0
1 -0.7682440647426801 -0.29065881922650194 -0.3081862520257233 0 0 0
1 0.40999581937207286 -0.1160308267375352 0.0022688862407936185 0 0 0