100
0
1 -0.4771209373478687 0.021044208467684792 -0.3093272242771952 0 0 0
1 -0.7880490884607986 0.2517583804237125 0.03790012719001714 0 0 0
1 0.5551086339646933 -0.20151477535665804 0.40176122947635734 0 0 0
1 -0.20315852577249727 -0.06378615109132446 0.5018660914727532 0 0 0
1 0.2167467055201966 0.2861532892363157 0.39889305374499706 0 0 0
1 -0.37524317437910754 -0.4417178159156918 -0.6371066348851081 0 0 0
1 -0.92940996538196 0.04139603105819824 0.03898818474213965 0 0 0
1 0.4550863947085899 0.17905557983128642 -0.6308473366500896 0 0 0
1 -0.3401115057634919 -0.10206267171709474 -0.34272589068739345 0 0 0
1 0.2979109367520336 -0.18129181863124746 -0.13715890931143768 0 0 0
1 0.10953990471181442 0.16182979284435337 0.10451988692460219 0 0 0
1 0.4310053114044714 0.36605974916331685 0.256188486029469 0 0 0
1 0.4990839289079055 0.6979731653694947 -0.3084138278856666 0 0 0
1 0.03865924781609485 0.23904021872311204 0.40999251970683476 0 0 0
1 -0.18758920215815594 -0.9705831159580444 -0.005107016016340134 0 0 0
1 0.6803284838131521 0.45970308927909626 -0.028677921959286798 0 0 0
1 0.048592614148675536 -0.5591071205133148 -0.4432055276607047 0 0 0
1 0.15396783990560403 -0.6396155218546986 0.34452913913215355 0 0 0
1 -0.014389639890432964 -0.05479179331724576 -0.20084375602186016 0 0 0
1 -0.7051793925240925 -0.33264915485906366 0.24923228654685664 0 0 0
1 -0.00490321459093592 0.44947390645289137 -0.5124880443158728 0 0 0
1 0.5870520105005146 -0.38095899135315975 0.166870785750559 0 0 0
1 -0.2743634724160557 -0.5566210680813711 -0.04368467838294232 0 0 0
1 0.7624780188990573 -0.16981392209696464 -0.30205088904273086 0 0 0
1 -0.7775258565434081 -0.4554251676918338 -0.39230284003463484 0 0 0
1 -0.21387955624480356 0.028152545674605123 -0.5745327263883426 0 0 0
1 0.6916185598467749 -0.45830901081954417 0.1687065432964608 0 0 0
1 -0.12065848050475453 -0.1311441821206709 -0.4290510643038701 0 0 0
1 -0.1162840024318008 0.6750729760513215 -0.4430898084510916 0 0 0
1 -0.24090268960396471 0.39919615720192764 -0.5771215081798177 0 0 0
1 0.6249790069845466 0.5961561229579324 -0.45252809115869735 0 0 0
1 -0.47477689990440536 0.4469280284869237 0.16637072387818994 0 0 0
1 0.0003631709522616512 0.15683941333116921 -0.015760678199433224 0 0 0
1 0.2567080828212723 -0.8118924323531717 0.3992933692600379 0 0 0
1 -0.2939772850820676 0.5369729239480581 0.1495798927104534 0 0 0
1 -0.6202642472959623 -0.3714143496718859 0.4680725496051824 0 0 0
1 -0.15153586864961263 -0.7573354941705093 -0.12004462936486873 0 0 0
1 -0.29360755385951615 0.10914105287182325 0.7979951070812553 0 0 0
1 0.6176092090884296 -0.299010541672537 0.7219026398965327 0 0 0
1 0.03467945172612845 0.5199869911589595 0.7652432626686877 0 0 0
1 -0.11870856631641712 0.3787305067000651 0.2999184489017546 0 0 0
1 0.03574878933037355 -0.08060251647395825 -0.6896150791006116 0 0 0
1 0.193970515424733 -0.4621999576027695 -0.6431959519626481 0 0 0
1 -0.4622727348799441 -0.14570152346668475 0.4155044663588249 0 0 0
1 -0.24118741873105215 0.2872528865732849 -0.019072141143646887 0 0 0
1 -0.899109110642972 -0.27271681247492385 0.06597848026821664 0 0 0
1 0.41979466992864833 -0.30983134538855506 0.7747293762556846 0 0 0
1 0.32942995948869597 0.16904626354925084 0.7519197327586693 0 0 0
1 0.8099825049899679 0.48366870583667404 -0.3000521885154363 0 0 0
1 0.5613039256247476 -0.20054643964561655 0.2897114467844864 0 0 0
1 -0.28976865630166837 0.3993018210376051 -0.5309540192208697 0 0 0
1 -0.7259140458452273 0.6798042463261632 0.0421015059152571 0 0 0
1 -0.3024384774826821 0.12015816662712477 -0.7305497678808043 0 0 0
1 -0.1502237142043937 0.6156645939091865 -0.38728261664021096 0 0 0
1 -0.5950654411809362 -0.41777426662790235 -0.1862860760976235 0 0 0
1 0.620353857021939 0.06176122558704359 0.03641735612359669 0 0 0
1 0.0730739460353717 0.0760566877669599 0.055619074320820444 0 0 0
1 0.02762698307515594 -0.0588775343804809 -0.18438907383719036 0 0 0
1 0.5015251782639265 0.5321403936835702 -0.678179530722004 0 0 0
1 0.6308002614815669 0.5638688757284572 -0.02536627387159544 0 0 0
1 -0.20666559214298338 0.05671551163068898 -0.5104173382900785 0 0 0
1 -0.012018508548134991 0.05511782636449852 -0.9677554259820988 0 0 0
1 0.16298115350002276 0.6221024812060754 0.6673475651134939 0 0 0
1 0.22723128750215757 0.2954742545022987 0.5033353729883234 0 0 0
1 -0.3709591229179917 0.5631646451377558 0.04802173092976958 0 0 0
1 -0.49459685982037993 -0.1167741733050803 0.7778413000909312 0 0 0
1 -0.8947409207292925 -0.2604916458199136 0.268941879153443 0 0 0
1 -0.7496483363981893 -0.3723530770232278 0.387563217483764 0 0 0
1 -0.25009684005310456 0.2187426950480161 -0.3639986654907655 0 0 0
1 0.5528230974306085 -0.4469509613344013 0.018110465853149283 0 0 0
1 -0.5880906450009799 0.7014487393943081 0.2615694155140324 0 0 0
1 -0.1645955562773365 -0.24473171037830724 -0.3491846102880055 0 0 0
1 0.5451269930814879 -0.32248379721854115 -0.44300737327929307 0 0 0
1 0.14988428419373775 0.8450558847729481 -0.09969640191619424 0 0 0
1 0.5354290982085046 -0.17733491755751274 -0.5625190751522543 0 0 0
1 -0.14784640325871726 -0.04589133235815577 -0.39218334819475975 0 0 0
1 -0.7458382834329191 -0.14243154941175207 0.23109927667405997 0 0 0
1 0.07795529210395273 0.3938223771800997 -0.37524611829593324 0 0 0
1 0.5798130386849698 -0.07740647212882186 -0.009256570846829454 0 0 0
1 0.22282894762974778 -0.6185847557433051 -0.5997924410743538 0 0 0
1 0.9172578054704231 -0.13058952098077045 -0.29380340234359503 0 0 0
1 -0.26411305658695233 0.48735259308475815 0.5120517448017837 0 0 0
1 0.14406361410714796 -0.9077040074163873 -0.26692713185133193 0 0 0
1 -0.1266295830851796 -0.5222845570313333 -0.41347042114955257 0 0 0
1 0.3216572011385688 -0.643760178246985 -0.603567767977031 0 0 0
1 0.31107260991366836 0.8038206157795585 -0.40553125195933987 0 0 0
1 0.4495941510698396 0.3582061884627923 0.43047715075007636 0 0 0
1 0.8871606329139857 -0.1388193631120659 0.056006743913737486 0 0 0
1 0.41320709181028953 -0.42524881062109865 -0.31501604179305515 0 0 0
1 -0.0946413265315037 -0.1349763679538482 -0.21336429926749165 0 0 0
1 0.6203989617176122 -0.2865742959783504 -0.5210886732424453 0 0 0
1 -0.54286800380452 0.6875549258746869 0.0031117896113735284 0 0 0
1 -0.0982887015627941 -0.5910482724092893 -0.5021851082529757 0 0 0
1 0.38146488395926487 0.02289663369092434 -0.14742081667602033 0 0 0
1 0.4160816777872568 -0.44609467118644613 -0.261767957198936 0 0 0
1 -0.557782177354128 -0.05707617220230942 0.3020511711947074 0 0 0
1 0.5672149284219024 0.5642525445879228 0.2755225908923234 0 0 0
1 -0.015384350255683028 -0.18121672952080506 0.671446152984344 0 0 0
1 0.7468700335723375 -0.352147931322831 -0.1071232003170167 0 0 0
1 0.27068502545861484 -0.8702496376659897 0.35952107451220244 0 0 0