1000
0
1 -0.5887105165854271 0.1735991166814698 -0.3554347779011088 0 0 0
1 -0.4734486052553273 -0.7285864792864032 0.30482325977428076 0 0 0
1 0.35861750734444103 0.23553870937355345 -0.5208122785767828 0 0 0
1 0.49278868773081697 0.1615498449962527 -0.3135732110762864 0 0 0
1 0.6904464703947205 -0.4837582469582397 0.1543583693147397 0 0 0
1 -0.38703743714854144 0.344861067750339 -0.5953033725250384 0 0 0
1 -0.6328186355034064 0.35943318417786746 0.3152561063355727 0 0 0
1 0.5444588361476458 -0.03139669330755427 -0.1848994556820033 0 0 0
1 -0.386315573401356 0.6119219340016225 0.6587571467179455 0 0 0
1 0.6517185029384567 0.040667564075038735 -0.6423086948999991 0 0 0
1 0.1081070702088521 -0.04147990210133618 0.9343782174760449 0 0 0
1 0.501535979099715 0.28204297145091833 -0.3222214129007509 0 0 0
1 -0.3739622191210552 0.8313503468167788 0.2605632405922652 0 0 0
1 -0.33158585892116327 0.7714863402491491 -0.19579928191661927 0 0 0
1 -0.37472724775778915 0.8966649041061947 0.13956322904184898 0 0 0
1 0.1231610749452532 -0.49360975400723983 -0.5228245317102064 0 0 0
1 0.31988636135398235 -0.12574001116832934 0.07396071760168617 0 0 0
1 0.9185760634125603 -0.17751618728014176 0.05611708088649628 0 0 0
1 -0.05431244826424923 -0.5114587150879094 -0.734190959790389 0 0 0
1 0.8073382997198454 0.39357712729237765 0.2592017686090048 0 0 0
1 0.9205318023817187 -0.08529476774634709 -0.09668489091184229 0 0 0
1 -0.3238335626079522 0.048130074284352606 0.10362585867314883 0 0 0
1 0.8663112720226059 -0.3379535296070072 0.1609686945964531 0 0 0
1 -0.04698322298260206 0.40477397777063795 -0.2171698756263715 0 0 0
1 -0.8080628500224113 0.1938292120747776 0.14718409221086753 0 0 0
1 0.24483952425280048 -0.2625728041939729 -0.3326964046327884 0 0 0
1 -0.4056487594449364 0.5743092365049951 0.6434727656234821 0 0 0
1 -0.27354191674142997 0.3427768551616437 -0.42988679224681037 0 0 0
1 0.45744877281413754 -0.5792110189953354 -0.39154497563410745 0 0 0
1 -0.6335692176068441 -0.09741449114071739 0.6226006900964719 0 0 0
1 0.18312277215559225 0.30767702237782024 0.6578050889821004 0 0 0
1 0.20690713687569037 -0.045892245828899 -0.31348565994019045 0 0 0
1 -0.10655762951277259 -0.27929750938644426 -0.778586976611735 0 0 0
1 0.6321736803720704 0.4562941643749254 0.01282373656837894 0 0 0
1 0.5519302744863639 -0.5872603144556842 0.030425242284201674 0 0 0
1 -0.582083269795911 -0.051412211625029444 -0.5526020761517094 0 0 0
1 -0.7659287069081757 -0.01331280677530882 0.029267009536067843 0 0 0
1 -0.2800805277228543 0.6896056550728181 -0.19500548491890352 0 0 0
1 -0.5686503105514967 0.2634933135126755 0.01108376650333037 0 0 0
1 0.709518429428752 0.2506165803747439 0.027706376252294815 0 0 0
1 -0.0034136690886707663 0.19801325840423717 0.4551285631196397 0 0 0
1 -0.6649309010660511 -0.35692024433005304 0.43896076738645845 0 0 0
1 0.33456579929886604 0.6115480514663839 -0.11777267605157883 0 0 0
1 -0.4885126949433037 -0.8073776282285356 -0.2418382672163243 0 0 0
1 -0.05105203155910167 0.7105215471935152 0.427194284418364 0 0 0
1 0.7370993357603257 -0.5304294480153615 -0.21436573655121396 0 0 0
1 -0.3862017416052154 0.08388962915820568 0.7181806668608526 0 0 0
1 0.10900350189937388 -0.7645562789266006 -0.1898028184733967 0 0 0
1 -0.588915468892618 -0.42984284913372445 0.13549740735677832 0 0 0
1 0.11569608572365124 0.48948680099783753 0.3722063420734252 0 0 0
1 0.45505157023234805 -0.6720655279145097 0.46003552046579654 0 0 0
1 -0.20906156343960428 -0.28206735396642135 -0.13355090344321932 0 0 0
1 0.7926863530124281 -0.2137587983753313 0.1036054071201714 0 0 0
1 0.32714044583138774 0.743685590624779 0.007237275731930643 0 0 0
1 0.5543857870462535 -0.4954375720002827 -0.5531266643567945 0 0 0
1 0.3889504790029994 -0.5338097784634914 -0.5590368880778259 0 0 0
1 0.03748497274809092 -0.4817401246382391 0.1310728006710678 0 0 0
1 0.29119414853589837 0.532371528773826 0.5117771851381785 0 0 0
1 0.7670683783633316 0.39064846501957934 -0.34040276527590557 0 0 0
1 0.16933839160946976 0.1586373916674839 0.26710427317080293 0 0 0
1 0.10090996316327264 -0.3127427425162739 -0.432068107486685 0 0 0
1 0.7889654139240894 0.4760252681129976 0.1412368310549932 0 0 0
1 0.4570050328683437 -0.4614440331452496 -0.0743317918025546 0 0 0
1 -0.6360803381749746 0.17043901848817147 -0.3954068207848828 0 0 0
1 -0.09738918663827519 -0.5022663431914612 0.672162517677443 0 0 0
1 -0.3541598630976778 0.40864349599175676 -0.6926921994505192 0 0 0
1 -0.3612034034312422 -0.6865367088350863 0.06944574233561984 0 0 0
1 -0.0333880270326253 0.03115363026350916 0.32583877039102016 0 0 0
1 0.7410660763933238 0.12589711150564753 0.24963568198345598 0 0 0
1 0.3621741337673053 0.36709550596038865 0.005170115485000407 0 0 0
1 0.15089168205714482 -0.8801599371277689 -0.3792574490077039 0 0 0
1 -0.3427539267193299 0.012494386787688293 -0.2555308264717366 0 0 0
1 0.21576015612920393 -0.8348869056295694 0.3056223677054683 0 0 0
1 -0.543559638427166 -0.3398419750051695 0.5758546479820146 0 0 0
1 -0.7398966761542005 0.25800222469089323 -0.44007402917486166 0 0 0
1 -0.36474879597154136 -0.09413080926710923 0.06580571601989883 0 0 0
1 -0.21749267767773578 -0.8136585197189226 -0.3869707985327699 0 0 0
1 -0.44198739720601654 0.5001590576737935 -0.19382558623817062 0 0 0
1 0.07104375738890815 0.3392085886175704 0.5647294978261493 0 0 0
1 -0.31878217350779775 -0.7719080363477523 -0.31613147800451763 0 0 0
1 0.4955911268602241 -0.4341742763357175 0.16330445183619724 0 0 0
1 0.7502978503980352 -0.1708711743271183 -0.0136711811013601 0 0 0
1 -0.4228751453432954 -0.1760265341446084 0.5383340429197089 0 0 0
1 -0.43953292724713366 0.5285691171277603 0.4632069606629064 0 0 0
1 -0.051243329115628775 -0.47877669781596144 0.23697853138045738 0 0 0
1 -0.9246959934514393 -0.2915792217483156 -0.07005883694004392 0 0 0
1 -0.27716849116423753 0.6546875104831091 0.3433910873995632 0 0 0
1 -0.36829863233635457 -0.12189214994275901 0.3661687558440399 0 0 0
1 -0.45577571172625053 0.7159683569251761 -0.15996959559625762 0 0 0
1 -0.243261108422356 -0.688365725062565 -0.18087775175287146 0 0 0
1 -0.41010073660079455 0.2940570179943389 0.667963909305828 0 0 0
1 0.3528381386769939 0.7300205238353138 -0.36755862413431134 0 0 0
1 -0.40775246560523637 -0.099531423068594 -0.5319427182133453 0 0 0
1 0.09491368675874998 -0.1675586300013743 0.4595083120690722 0 0 0
1 0.3722372454907463 -0.4682781817997988 -0.6480095398011925 0 0 0
1 0.10241114711750644 0.42147387734393693 -0.5198522129461461 0 0 0
1 0.5623154455881918 -0.7913150879613701 0.1980014208085258 0 0 0
1 0.16393294234572378 0.45819549839235335 -0.29269896442212756 0 0 0
1 -0.4267255548697047 0.48736174571534996 0.6383451633829675 0 0 0
1 0.09390257558730018 -0.24129442384059527 0.2700312636417043 0 0 0
1 0.4304144359992475 0.7044916622654204 0.378020745856196 0 0 0
1 -0.3250523426017437 0.6168995936361232 0.2437938642380479 0 0 0
1 0.06810824239283066 -0.3455913823518337 -0.8475972003672101 0 0 0
1 -0.47628733815781854 -0.7474321803859446 0.12863486473151323 0 0 0
1 -0.5900248040343248 0.7136095006063197 0.3095134157057598 0 0 0
1 -0.40258224648517044 0.5990259015371571 -0.4506442999031752 0 0 0
1 0.07833290035354644 0.5575857880829048 0.5336243005620616 0 0 0
1 -0.24571800548914813 -0.8963829109103185 0.05349402656983493 0 0 0
1 0.09812964063350606 0.563352510780132 -0.4563006036899872 0 0 0
1 -0.15480811440586023 0.25901401709740496 0.3469272836176249 0 0 0
1 0.45132903001938984 0.0234843138849742 0.687409863768245 0 0 0
1 0.27006871080595796 -0.46169955263676754 -0.2676167362248647 0 0 0
1 -0.4282844587471556 -0.07262887969109204 -0.16784789713012366 0 0 0
1 0.7567770498959272 -0.3420714186114466 -0.31202430587678426 0 0 0
1 0.477559753641004 0.02593690925687356 0.11348448386616183 0 0 0
1 0.6798785096794194 0.23719510071453737 0.6767403556361641 0 0 0
1 0.3136708713708322 -0.3254183898904299 -0.5565017097242022 0 0 0
1 -0.5097593364332578 0.23150638305107607 0.8266592687285156 0 0 0
1 -0.03910512490124116 -0.5891432829550555 -0.7738652935279372 0 0 0
1 -0.31500413797312127 0.4647051675431065 -0.10997012404915932 0 0 0
1 0.6440601417934095 0.4124559792539019 -0.5560478712017443 0 0 0
1 -0.3583885186836821 0.3405224723934753 -0.7449671911086717 0 0 0
1 -0.07682672467562598 0.5271322777449371 -0.2513767154646868 0 0 0
1 0.047029212986786056 0.40727999499807066 -0.6529861911821213 0 0 0
1 -0.38496292265784127 0.6477102911145662 -0.5375755409280658 0 0 0
1 -0.4142030622033858 -0.36663421834716964 -0.19841969056068 0 0 0
1 0.4417180883724014 0.8577007199334465 0.16234606452053246 0 0 0
1 0.7959934192215058 0.40505177210806487 -0.08086990159418772 0 0 0
1 0.015732418057145734 0.6821280577727393 -0.14835240696151253 0 0 0
1 0.4522967902979852 0.38801009659971203 -0.40948843122859024 0 0 0
1 -0.4406561091341995 -0.046760768608283376 0.545906150654286 0 0 0
1 0.6426584203186211 0.421941764590582 -0.2635661706291454 0 0 0
1 -0.44083679455479374 -0.38801341154188634 0.10921449817775827 0 0 0
1 0.142392353841591 0.9471774449968954 -0.006762766954114219 0 0 0
1 -0.3561536007038286 -0.3317086310528331 -0.5329823655504549 0 0 0
1 0.1653319956159125 0.08315216481940152 0.31471839258628365 0 0 0
1 -0.5808029617971422 -0.5844986519780164 -0.26397055699211047 0 0 0
1 -0.45893465165206193 0.4653339063803056 0.3595448430629842 0 0 0
1 -0.1137115524278116 -0.27992571468713157 0.7060499390295213 0 0 0
1 0.3260926470183037 -0.06279095537754047 -0.8815817197432747 0 0 0
1 -0.3018494256832985 0.02981056920563221 -0.48455760549239413 0 0 0
1 -0.13461903200085018 -0.4941881151970851 0.3640029026184901 0 0 0
1 0.3565370910440711 0.7042383734108301 0.29795451990581373 0 0 0
1 0.5919055386237179 0.3878367782139251 -0.6180642050341181 0 0 0
1 -0.5529309142830218 0.01930999883948259 -0.11743976690821688 0 0 0
1 0.6230094942742953 0.09206775040345198 0.29892913611515437 0 0 0
1 -0.5243327878686568 0.09535317550427876 0.2782894979900496 0 0 0
1 0.5416267566244712 -0.28229949076315486 -0.23474329294259622 0 0 0
1 -0.06098088052156637 -0.7674006785474515 -0.37763584664705696 0 0 0
1 -0.15840833475930047 0.0372194205046773 0.3003059249726728 0 0 0
1 -0.9172041546339559 0.016038182196566785 -0.24162869981718135 0 0 0
1 -0.2625724728319742 0.22776140013322033 -0.1044648886772934 0 0 0
1 -0.3961898755370067 0.4645539460161127 -0.21144994042849075 0 0 0
1 -0.4272370194415008 0.622523185701125 0.6401630397512947 0 0 0
1 0.36260337890866867 0.7757673544810979 -0.4275326942847279 0 0 0
1 0.16144058520362778 0.45084015807064476 0.0507156599055894 0 0 0
1 -0.18397304261567327 -0.2863283757983778 0.8187121075708912 0 0 0
1 -0.5550891483919569 0.7187726734261581 0.32773054192807294 0 0 0
1 -0.5949339827994424 0.22591361102354618 -0.6000900364297249 0 0 0
1 -0.00964007698676275 0.9712207239831628 0.15864393924780246 0 0 0
1 0.46096141713984007 0.2441298083540612 -0.3880465672827533 0 0 0
1 0.2791412977104029 -0.06095944600294078 0.17024482241387479 0 0 0
1 0.04272381125166331 -0.442735183218295 0.2572892521936823 0 0 0
1 -0.7187897907411205 -0.360165966509696 -0.005496278955933212 0 0 0
1 -0.6052656697883936 0.0556199437454701 0.6882008878254653 0 0 0
1 -0.7191398357775142 -0.2881008291854247 0.5247059003866056 0 0 0
1 0.0675333370448443 0.03907716467152364 -0.36948241870634807 0 0 0
1 -0.07633457111905449 -0.00841350848772799 -0.719577304394756 0 0 0
1 0.24772369477277872 -0.8412580606659789 -0.3615717201931594 0 0 0
1 -0.06836327165255376 -0.5300324836586504 -0.3143448045020488 0 0 0
1 0.3040775624147916 -0.21298595642804155 -0.3673198041000892 0 0 0
1 -0.744098550781934 -0.35155314792810044 -0.1137226170678646 0 0 0
1 -0.21639115201102338 0.24570808619066525 -0.4317846232365431 0 0 0
1 0.049362771424632815 -0.25693368105089515 0.7933570602975336 0 0 0
1 -0.7618346931577457 -0.35105266754448267 -0.23198341696730465 0 0 0
1 0.5092261540535147 0.09876427912761448 0.014816634055459263 0 0 0
1 0.36501355242159284 0.23729329941399097 -0.06316352618761895 0 0 0
1 0.6839022253026034 -0.4222477162293256 0.46247465578464364 0 0 0
1 0.06275479711890658 0.5728648007126884 0.7938103391831153 0 0 0
1 0.08675819345721515 0.4994771829191488 0.801670662157136 0 0 0
1 -0.40039563387939164 -0.5393492690727382 -0.6459141380932887 0 0 0
1 -0.5196994348774203 -0.2563719153239156 -0.3336812108894075 0 0 0
1 0.3256847306119918 0.5217489882819477 -0.3227548281666129 0 0 0
1 0.6055020259074235 0.4448107106685132 -0.30252468934936577 0 0 0
1 -0.34931117797984634 0.7407921604137516 -0.0015750747821440254 0 0 0
1 -0.20468889856508338 0.23813901521571673 0.8540437153917169 0 0 0
1 -0.31104257989515116 0.05680514423955782 -0.5877408263388635 0 0 0
1 0.5612237134828707 0.14636530277041773 0.2983945746123716 0 0 0
1 0.42403664872839675 0.05157139381267905 -0.3144996017930641 0 0 0
1 0.3068641171072293 -0.6450799726639852 -0.001154439635697044 0 0 0
1 0.8470338155561045 -0.24742122583443674 -0.21548413606381495 0 0 0
1 0.23369551735183128 0.7264084790412251 0.2777141917924555 0 0 0
1 0.8644287094635523 -0.29938812381874 -0.18054507816404566 0 0 0
1 -0.11086880247961162 -0.32581980173743585 0.3375023042956737 0 0 0
1 0.5373677311200737 0.20440565375735573 0.05815477449216682 0 0 0
1 0.609238543871643 0.5115900911217156 0.269444173829672 0 0 0
1 0.46389135388772085 -0.3268729795598316 -0.6141825617887967 0 0 0
1 -0.4072330741176235 0.22603797309410373 -0.8154969009068522 0 0 0
1 0.08774385986400042 -0.11003992314286555 0.06513183215177526 0 0 0
1 -0.04321540378306933 0.13266998924366885 0.08427122599230526 0 0 0
1 0.08802769722440049 -0.11065704359470536 0.2616417329666441 0 0 0
1 0.10488566264326574 0.05962776904327813 -0.17102741262600155 0 0 0
1 -0.34352504903621595 0.25544090783858003 0.47567573783413797 0 0 0
1 0.2678463840662852 -0.30512385293283034 -0.7987660717310616 0 0 0
1 0.18442134089995496 0.276230894299934 -0.4914867202806661 0 0 0
1 -0.2729738846331109 0.17754682831994217 -0.7229294903451849 0 0 0
1 0.5260375120402526 -0.7785841614400515 0.24231057453887456 0 0 0
1 0.12467227609644753 0.7249030083488218 -0.19432102896478542 0 0 0
1 -0.2577987652960854 -0.22376617939089 0.11735656111180456 0 0 0
1 -0.6502012983840554 -0.02742728820886268 0.018339265558856056 0 0 0
1 0.44596758450886387 -0.41469672578675565 -0.5832872124529428 0 0 0
1 0.4343804936002493 0.6986531302026295 -0.3204279645173285 0 0 0
1 -0.5854786668795031 0.3975629473227479 0.6935780620002718 0 0 0
1 -0.31810348593253074 -0.25764175271032325 0.602866640486043 0 0 0
1 0.07104296313523874 -0.2508226866797575 0.0013953829841760648 0 0 0
1 0.3276682220281494 -0.8297093344051275 0.38669681275268536 0 0 0
1 -0.4001164381209038 0.3895074743593462 0.5752173347833955 0 0 0
1 0.5927538625806017 0.09821790787587475 0.121474845996288 0 0 0
1 -0.30456875100986 -0.05933139069630197 -0.17336971980048424 0 0 0
1 0.26350750630482644 0.034501124075009174 0.23385847521137404 0 0 0
1 0.049360261097886916 0.25177530701172623 -0.844494751538101 0 0 0
1 -0.4341507436700696 -0.5977930735241263 -0.31298183696447696 0 0 0
1 -0.6943550487794823 0.4989564134425775 0.30105568669049715 0 0 0
1 -0.48959374900373354 0.21449329432118375 -0.3220302254087329 0 0 0
1 -0.6355461801082413 -0.5147251066569378 -0.3923475066329271 0 0 0
1 0.33611377177180374 0.472969475211912 -0.4342163895527299 0 0 0
1 0.16471417307127317 -0.6127002966824399 0.3902705062793995 0 0 0
1 -0.563652706255763 0.7339507728428348 -0.3646082794524164 0 0 0
1 -0.1976996580022452 -0.8706148622606217 -0.23079207891777137 0 0 0
1 0.3026119201594674 0.63798642117588 -0.16140941987933402 0 0 0
1 0.5358541853718004 -0.22407100921618714 0.6367872644904887 0 0 0
1 0.044855399421137615 0.5035053663948207 -0.8395167555108758 0 0 0
1 -0.6933052173012368 0.4397094541850314 -0.5114313706522176 0 0 0
1 -0.25152028316373315 0.2567459960202502 -0.741567185092416 0 0 0
1 -0.14172611212224318 -0.21135013708213055 0.06058933565550051 0 0 0
1 0.9149070298965226 -0.1614438860477708 -0.1403087640534648 0 0 0
1 0.4800314022979469 0.20372602398226625 -0.1403645511586345 0 0 0
1 0.606331392085639 0.5476295396382225 -0.04336758603571717 0 0 0
1 -0.48200259894957764 0.4755018785859353 -0.7304032406323314 0 0 0
1 -0.4809006662412532 0.008333778336354488 -0.24721109853621923 0 0 0
1 0.5281564513406192 -0.28680282542958185 -0.12186430890568554 0 0 0
1 0.09308220033136408 -0.5230655436219092 -0.18099217755446453 0 0 0
1 -0.16583227319549576 0.8064079786653966 0.08830029732400742 0 0 0
1 0.7035549169924499 0.38864708453732527 0.24758016801024893 0 0 0
1 0.5561313248191112 -0.08824117464250325 0.7673330234794942 0 0 0
1 -0.2720659497274191 0.3039121719610784 -0.12338191070380809 0 0 0
1 0.39015991672167266 -0.39107175664097105 -0.12127745731172061 0 0 0
1 -0.5066060967936657 -0.12643947737972502 0.7258736123641418 0 0 0
1 0.7596744978869137 0.14483686638954651 -0.5379717964735143 0 0 0
1 -0.009611453662473166 0.41448789362944777 -0.18519650969919602 0 0 0
1 0.13644166600522944 0.028891754620447952 -0.9700733212393928 0 0 0
1 0.2214721031421119 -0.08232380309590458 -0.49684720240977287 0 0 0
1 -0.5434056114214293 0.7986977394732719 0.20263294008243518 0 0 0
1 0.5613343157578412 -0.36041092777878314 -0.5182104681690387 0 0 0
1 0.8044604999934551 -0.4734723539468761 0.11205734271895554 0 0 0
1 0.2676295199172394 -0.5776509645198735 -0.3076454242680096 0 0 0
1 0.3571149484265679 -0.6603893047960572 -0.26223360880489716 0 0 0
1 0.31250927041927534 0.27101100374404585 -0.17921559999584524 0 0 0
1 0.46660667029577885 -0.33843586394535935 0.5850586971202218 0 0 0
1 -0.22577703652600406 -0.16525255968523447 0.14787512476995363 0 0 0
1 -0.9018769601603339 -0.2383364442353233 0.2269086160348801 0 0 0
1 -0.030163641218634244 0.32936833765115425 -0.8325397539643324 0 0 0
1 -0.22441990408633058 -0.5174344330683289 -0.2969290191198049 0 0 0
1 -0.6782240999053222 -0.035676343191995814 -0.4743921244624859 0 0 0
1 0.10447699666802551 -0.482685355162541 0.570894085353029 0 0 0
1 0.21666700904293643 -0.12017466201047637 -0.3984660614873809 0 0 0
1 0.8302120936007137 0.5266982087845122 -0.12463570070772087 0 0 0
1 0.05072507924228048 -0.736418643779325 0.5042324745385397 0 0 0
1 -0.1382520727981463 0.5230063173777056 0.7179810113296224 0 0 0
1 -0.3680307469171727 -0.06043181560505998 0.2778983121540922 0 0 0
1 0.21271335272035516 0.26180508567323724 -0.7635689589753165 0 0 0
1 0.26364283892723794 -0.806363166039529 0.04196608010108223 0 0 0
1 0.11220497772381298 -0.4539372129005923 0.42222759774078306 0 0 0
1 -0.7893817911878084 0.1947406879103435 -0.2682322320326522 0 0 0
1 0.5710526127142294 -0.24912575800809839 -0.1464507466248328 0 0 0
1 -0.4440291431017022 0.5991959520131296 -0.3887384015951686 0 0 0
1 -0.34102134893964303 0.8348979851787972 0.25836648081680225 0 0 0
1 0.7338207014287595 -0.10087808120423049 -0.2813950872097552 0 0 0
1 0.8852167785908325 0.4066986996194862 0.02314481966720955 0 0 0
1 0.48593436239464416 0.2819302076346347 0.00585526228180215 0 0 0
1 0.2735093017960618 0.7047592433745747 0.3589372172908712 0 0 0
1 -0.45360888937513616 -0.37674018749667454 0.021898555507916355 0 0 0
1 0.4583397837336377 0.027945961811779746 -0.5936337079971733 0 0 0
1 0.25303608260238913 -0.38511550780393417 0.697633407372598 0 0 0
1 0.309743709627327 -0.3406677547834577 -0.7072423361679494 0 0 0
1 0.7855892521033854 -0.35456409278389595 -0.37230767802687376 0 0 0
1 -0.32979447997664174 0.02712701257792272 -0.5836527437239467 0 0 0
1 0.017371161050902705 0.5698894415299258 0.21919088418978724 0 0 0
1 0.43446389926714013 -0.34786625850404224 -0.6207394236834072 0 0 0
1 0.46419484739981365 0.44923306565194376 -0.1898008244818295 0 0 0
1 0.3554243213480648 0.2887812879750236 -0.17243312830769053 0 0 0
1 0.27082400665335393 -0.7945521228116726 0.30146368192749523 0 0 0
1 0.7729714436057331 0.16144256463447595 0.5224677553544279 0 0 0
1 0.6401321082340777 0.02614375211445734 -0.6983620142602098 0 0 0
1 0.658422688722303 -0.5778353526796899 -0.38406253438208504 0 0 0
1 -0.4023849119679657 -0.38451712744458605 -0.7083037870994079 0 0 0
1 0.591777699009069 0.10180840918637658 0.44530277124662887 0 0 0
1 -0.654482520401216 0.09297016588160523 -0.2817489925235398 0 0 0
1 0.3495814328205265 0.8032785151066565 -0.38428083009234226 0 0 0
1 -0.5512153134371413 0.4829362259144528 -0.004762698513761066 0 0 0
1 0.16809559498598664 0.6131739452530546 0.36298337402128766 0 0 0
1 -0.11371815147847787 0.05555943942215987 0.9897779389101657 0 0 0
1 -0.6192093336031289 -0.40437976099014217 0.4624006462723798 0 0 0
1 -0.9519692804558382 -0.008673115262265026 0.2639501606835047 0 0 0
1 -0.5437293196129412 -0.03690397462769112 -0.12089932108820656 0 0 0
1 -0.42446260134190505 -0.5429431702575217 0.10982288746142434 0 0 0
1 0.8123445140376971 0.08283962752263738 -0.42495378404859846 0 0 0
1 0.09837377532677612 -0.19965750759946865 -0.2131307826773358 0 0 0
1 0.2743352056810145 0.47101060172728754 -0.7785111216571097 0 0 0
1 0.10429441749525754 -0.6531022024208907 0.34984006939159246 0 0 0
1 0.6673017235236071 -0.2480877730472089 -0.4601869397683711 0 0 0
1 0.8327826618186218 -0.06266419676112078 -0.08384296635004684 0 0 0
1 0.10714846892969652 0.1705300138373282 0.37420567691057194 0 0 0
1 0.17031660934536302 0.42272211400948 0.343386209675227 0 0 0
1 -0.715490603716938 -0.48258105915164323 0.1926860236989271 0 0 0
1 -0.15694563536215064 -0.20488543368088027 -0.5106602393276491 0 0 0
1 -0.5332705675704663 -0.8178625207124172 -0.16540441280747778 0 0 0
1 -0.14933484337793018 0.6079575611279047 -0.27939240928450565 0 0 0
1 0.012150563548426741 0.8556344217130921 0.20584490091147448 0 0 0
1 0.2510317532236403 0.12861540212979097 -0.9551507670132212 0 0 0
1 -0.030233307548751927 -0.5923715707870213 0.6004808392547011 0 0 0
1 0.12307868751829099 0.14364925684397528 -0.06843223415144623 0 0 0
1 0.2606456402211603 0.11535433013428605 -0.3821702163069341 0 0 0
1 0.5199865024552169 -0.4332811361569233 -0.22006891871979314 0 0 0
1 0.37350223522145415 0.23732022464690408 0.2634723418340297 0 0 0
1 0.17962986564054959 0.15741407852355194 0.6203548585187686 0 0 0
1 0.3275108542505709 -0.5162648789074085 -0.3798223126504508 0 0 0
1 0.6020328756378059 -0.3281645511830055 -0.13782563904845616 0 0 0
1 0.03816421922153899 -0.11624608834909947 -0.8151054006316564 0 0 0
1 -0.16093296733008236 0.39595256379372595 0.2135825876507166 0 0 0
1 -0.48210468551497826 -0.6240523730831159 0.044421120756014176 0 0 0
1 0.8141613832390324 0.40286338004729844 0.09008804082037958 0 0 0
1 0.00847352124497702 -0.5017010417951007 -0.7786428661062085 0 0 0
1 0.5020257167536695 0.26512365683375677 -0.6382133667047178 0 0 0
1 0.4450421331626285 0.5057292967194811 -0.6074796677462617 0 0 0
1 -0.39344739963544684 0.24069154658153877 -0.5964086428406454 0 0 0
1 -0.39812664978607476 0.34530688394675796 -0.44391259618467455 0 0 0
1 -0.5462224933021856 0.013210008677977562 -0.2466063474953054 0 0 0
1 -0.10924305056939722 -0.5344307120404311 -0.2928175100078667 0 0 0
1 0.4628638661808627 0.43211233938932814 -0.3891233672041431 0 0 0
1 0.28707295260068255 0.6208507290598396 0.34714887003774314 0 0 0
1 0.3682308997983763 0.42395148542890254 -0.19987868122676553 0 0 0
1 0.04141759581283674 0.6967804480018694 -0.44116344962674336 0 0 0
1 0.1363687852604855 0.6049483669006267 0.07665173562968376 0 0 0
1 -0.6684019721739033 0.37783307250069026 0.33857798134231765 0 0 0
1 0.7626100427851076 0.06498451221261502 -0.061481165457738206 0 0 0
1 0.1662132797149705 -0.8832438121949608 0.4205246402880821 0 0 0
1 0.16670539342679372 0.23082741659653966 -0.34701345984102305 0 0 0
1 -0.23619953128597573 -0.7049974791379058 0.23860696673225826 0 0 0
1 -0.6011862747273746 -0.44852989407984506 0.3318281745037643 0 0 0
1 -0.00513057915113769 0.6022728613089716 -0.5733922411422288 0 0 0
1 -0.18582487733209913 -0.3737448031444378 -0.2349797705908046 0 0 0
1 0.43313452871621166 -0.5650285546093822 0.2682497171770839 0 0 0
1 0.9466142181480535 -0.07545659786741692 -0.16441502156150067 0 0 0
1 -0.25407408679783366 0.21898046035070562 -0.1657299901939356 0 0 0
1 0.07064507338455739 -0.1400074631357001 -0.04818060199810698 0 0 0
1 -0.594005926451179 -0.18265508911023492 0.3654942257702573 0 0 0
1 -0.6529912250794041 0.008260572072666885 0.4286342079024516 0 0 0
1 0.09070228525731573 0.5152692303041935 -0.4374185650101066 0 0 0
1 0.7019911738086925 0.6173674825222228 0.052015662311988994 0 0 0
1 0.0729502385897267 -0.830881213292024 -0.06822990273524376 0 0 0
1 0.6951133690805141 -0.08859253736311243 0.3904802960630307 0 0 0
1 -0.6128208046538914 0.08712898899421251 0.4897310043067693 0 0 0
1 -0.04561701424902259 0.6925899891118532 -0.6825486600400897 0 0 0
1 0.3090956470647267 -0.5685141951137584 0.3742443389866366 0 0 0
1 0.617954058097899 -0.22395328211971718 -0.6678845815536749 0 0 0
1 -0.5323618408472033 -0.6514000187008142 -0.38472679313505603 0 0 0
1 -0.6495132829163727 0.1889526447845108 -0.5933443442167037 0 0 0
1 -0.4310834839599612 0.42443721403502394 -0.6104026282674425 0 0 0
1 0.6520575965391127 0.37874944970933677 -0.586583721141676 0 0 0
1 -0.42307786560639177 0.6385685951221471 -0.10721929216001022 0 0 0
1 0.20406619561802708 0.13538507865002555 -0.020822295428944683 0 0 0
1 0.8081219556631172 0.44491756385928116 0.34030724488277986 0 0 0
1 -0.6429264582378885 -0.59927606073822 0.2693342420832763 0 0 0
1 0.14395680883428238 -0.28917503745284934 0.44917893802322506 0 0 0
1 0.8668050383773261 -0.013880360980213387 0.3903197093697143 0 0 0
1 -0.017085974860904612 -0.14896472363861335 -0.11215833487964132 0 0 0
1 0.6435057200178513 0.03512061657202561 0.7106716172457538 0 0 0
1 -0.2435641908598066 0.16292638715723906 0.396399926511106 0 0 0
1 0.025256391456600715 0.4399176815316022 0.2574982031029361 0 0 0
1 0.07510067684811661 -0.2586399914333049 0.7422789889217094 0 0 0
1 0.69867544656377 0.11185384112514593 0.6602839733659636 0 0 0
1 -0.6595896908374322 0.4353249371972417 0.07021950067020924 0 0 0
1 0.3258345479149347 0.10068341374336084 0.21193184505782967 0 0 0
1 0.370173079424344 0.11319516188448292 0.2567843878128404 0 0 0
1 -0.05622304583111381 -0.5542388244544697 0.2723711259893898 0 0 0
1 -0.49383547039575615 -0.676742603534521 -0.5441050439460592 0 0 0
1 -0.22729819782576052 -0.13139518590327104 -0.5675107537078825 0 0 0
1 -0.2504070279042287 -0.3975449037373351 -0.5107765963447557 0 0 0
1 0.6025357631219136 -0.6594078214328417 0.2868349169279167 0 0 0
1 0.20113725314139158 -0.10112630860001903 -0.9050785246229102 0 0 0
1 0.18068512928640723 -0.566553379349919 -0.5396528055406777 0 0 0
1 0.34684881347716995 -0.29859301258338194 -0.08018764908345026 0 0 0
1 -0.34274994331348396 -0.32159308065588266 0.49760579045289915 0 0 0
1 0.24664417308722225 0.23631403047551336 0.025323643063269577 0 0 0
1 0.3760110039471598 0.2837624680038628 -0.27043462955762154 0 0 0
1 -0.43061405293343746 -0.1212567238509075 -0.6309708807840538 0 0 0
1 -0.3068793806010779 0.1482416758103277 -0.5295111349934247 0 0 0
1 0.3997644120951794 0.5883234977286294 -0.47165648306323127 0 0 0
1 0.5540594434132852 -0.1748751135394723 0.7450410524767149 0 0 0
1 0.5677244300293077 -0.644859527365978 -0.17688105068367127 0 0 0
1 0.42746083593334744 0.0956688781610547 0.15362577354138768 0 0 0
1 0.25507973721349864 -0.16050858044508196 -0.33802780772152363 0 0 0
1 -0.4193065761247784 -0.28961285424951316 -0.160309468924186 0 0 0
1 0.3544175443700099 0.7796691587737706 -0.09648143824318234 0 0 0
1 -0.17026737362375996 -0.6719258847442311 0.42676425061965867 0 0 0
1 -0.4396460394960374 0.1264477946651762 0.24916771498690082 0 0 0
1 0.3788970648267122 -0.5896435184949427 0.46712358124920317 0 0 0
1 0.13399077045830063 0.48483538738138243 -0.43770438122639604 0 0 0
1 0.7865631786328753 0.4030138852789299 0.35520548209853037 0 0 0
1 0.4949868366881602 0.7386907051454108 -0.44289244523709487 0 0 0
1 -0.12265004705830658 -0.4424276724142482 -0.27883445873088486 0 0 0
1 0.08813493770483484 0.09956131345037675 0.1210833319351313 0 0 0
1 -0.6549832698766245 -0.2475981251291421 0.5937790659105108 0 0 0
1 0.02115979161919149 -0.7021999575747792 -0.5105130264729869 0 0 0
1 0.3197369063781468 0.6414859310300928 0.3553805452984674 0 0 0
1 0.9636775848325827 -0.18600553633896633 -0.09696218070480822 0 0 0
1 -0.3411395976190027 0.39857995611157715 0.4683162508711742 0 0 0
1 0.48978314508554793 -0.11806943420985 0.5419191471717594 0 0 0
1 -0.41299440686559363 0.04305427241249495 0.027066281921261877 0 0 0
1 0.4342321832782596 0.5357937338969577 -0.18636430470983723 0 0 0
1 0.8218715827597671 -0.06011512545157901 -0.42762578585041766 0 0 0
1 0.1447649746008819 -0.5105227412384575 -0.29259322924854286 0 0 0
1 0.42421687271416686 -0.1782753989537833 0.34278726046620983 0 0 0
1 -0.6494728192426056 0.04429893867757705 0.7195803651664983 0 0 0
1 -0.24040374018888336 0.940764383346439 0.1951723726800943 0 0 0
1 -0.05097837033308574 0.5151195679788335 0.744681465297003 0 0 0
1 -0.14991215831718277 0.46750467934604667 0.7035659132236207 0 0 0
1 -0.33600047293154545 -0.7348810888593824 0.079798993362596 0 0 0
1 -0.1943499441478235 -0.3423545613065058 -0.32287836147003457 0 0 0
1 -0.632785232921236 -0.6602850890116869 0.23424111456944854 0 0 0
1 -0.47379844629626827 -0.46430404065677405 -0.3942303880665243 0 0 0
1 -0.5896786923979824 -0.23366576476553147 -0.2589500873546367 0 0 0
1 0.06148377588653841 -0.352408495789236 -0.49089162269506753 0 0 0
1 -0.28432805657679366 -0.45365229671149776 0.7001105069181309 0 0 0
1 0.3129446309844896 0.06322698186584665 -0.2354255680205506 0 0 0
1 -0.10908981106656798 0.06607828463689297 0.008956225459217789 0 0 0
1 -0.2624630903419973 -0.7896809666040477 0.21163649555527253 0 0 0
1 -0.16555329384593162 0.560850354763563 -0.47752257920218616 0 0 0
1 -0.46414722393255625 0.27572786833203666 -0.8051371866785483 0 0 0
1 -0.34282585717669706 -0.29460285216731463 0.14376615364239403 0 0 0
1 0.45806184256373295 0.11824704108638964 0.09005493701818457 0 0 0
1 -0.8869080225702439 -0.1640078531200186 -0.10442882993138873 0 0 0
1 -0.9070689830071923 -0.006215732074874268 0.016459460738156267 0 0 0
1 -0.5455325116305426 -0.4306921339983513 -0.12160475401342052 0 0 0
1 -0.06186418386343256 -0.4991947863516604 -0.20786275772033 0 0 0
1 0.5034921875533239 0.2923288464752276 -0.6472978543907705 0 0 0
1 -0.43659974583605166 -0.3176387742806782 0.4474849096191086 0 0 0
1 0.6455632852978603 0.6280640378634638 -0.28038199016855203 0 0 0
1 0.43290969753891245 0.4556265402817802 0.3435064332046748 0 0 0
1 0.23014251435735808 -0.1652313355197058 0.9020428423775345 0 0 0
1 0.2748800711486374 -0.3356380882518511 0.5149362876201029 0 0 0
1 -0.03913606400870048 0.14709362747868546 -0.24217943959514235 0 0 0
1 0.4668387288801919 0.4198880354172156 -0.7334552554317716 0 0 0
1 -0.6893690456738781 0.07267663276236958 -0.13770582403423334 0 0 0
1 0.21277396978390795 0.9015409589648082 0.03341194440111635 0 0 0
1 0.33212933010410195 -0.24415901523645822 -0.14367884657200863 0 0 0
1 -0.2579933409812803 -0.021995450880129604 -0.3981274726035672 0 0 0
1 -0.25037514852234766 -0.33689378685199245 -0.7738066534823506 0 0 0
1 -0.06281866833452956 -0.35878825969673456 0.7856369950371053 0 0 0
1 0.2699705292510994 0.3191881357380551 -0.11695601970472438 0 0 0
1 -0.5836451748190598 -0.16804835884451733 -0.26235233723029106 0 0 0
1 -0.3016564367377821 -0.49864395191031785 0.10274223051901335 0 0 0
1 0.13821359326864613 -0.6614386239248905 -0.49009802441076655 0 0 0
1 -0.5669156399687908 0.26617262998190716 -0.13371058867611216 0 0 0
1 0.11815476392173478 0.0076989468758499185 -0.4830696994129772 0 0 0
1 -0.09080353482640034 0.4457838678451834 0.7090162423113717 0 0 0
1 -0.29036773263199434 -0.7170585347001092 0.4971040864578456 0 0 0
1 -0.18655155523404413 -0.13407987486252124 -0.510573980759009 0 0 0
1 0.014330189709836107 -0.05035868697291895 -0.2520994161060057 0 0 0
1 0.799677104319925 0.19898597581834743 -0.4469259733035768 0 0 0
1 -0.42021835601233337 0.41177066001554924 0.03717918759382888 0 0 0
1 0.38656746686794036 0.24990500947107597 -0.39715768900194337 0 0 0
1 0.8781566947297992 -0.40254639773442247 -0.22102679231407404 0 0 0
1 0.09697351987228524 -0.36426690780324256 0.5422238003644774 0 0 0
1 -0.2639472842606304 -0.7324985866953172 -0.5295341786012606 0 0 0
1 -0.41715282635260587 0.3785423233417619 -0.24448737043190244 0 0 0
1 -0.2444477554650121 -0.6330748907332132 -0.6801783490687744 0 0 0
1 -0.1956017092738073 0.8572727729692867 0.16958238692626648 0 0 0
1 -0.23692610660610275 0.45533211442975013 -0.8191225925273202 0 0 0
1 0.3079735418934713 -0.8401287116464681 -0.4211471274243138 0 0 0
1 -0.3941166336116565 0.5953951794103344 -0.4780807623252894 0 0 0
1 -0.16578790347459615 0.6785747503095305 -0.6877921428760199 0 0 0
1 -0.5771040395395162 -0.7560300623090004 0.2071493965392717 0 0 0
1 0.32609937659242366 0.1600580716797187 -0.05195441414272056 0 0 0
1 0.6527104709589319 -0.0997978944581201 0.6906185753902646 0 0 0
1 0.4660373636766707 0.637562055448039 0.2687718349861243 0 0 0
1 -0.4835277308374808 -0.13985528486339097 0.5582191336123978 0 0 0
1 0.24373879463900916 -0.3651756531847576 -0.06292470279281306 0 0 0
1 -0.2883628082465773 0.3210647051441414 0.3475058014831708 0 0 0
1 0.44100318658727605 -0.10129415925888174 0.030662716491593158 0 0 0
1 0.32292161644104816 0.5074872403228969 0.4305840899914907 0 0 0
1 0.7610930756051076 0.39746540816323844 -0.03634186550739108 0 0 0
1 0.37754104044349196 0.6394537660524008 0.2151501875054722 0 0 0
1 0.6920902159307746 -0.38583622938042333 0.27962619430915514 0 0 0
1 0.3482792945320199 -0.35077981358950006 -0.32755730113215187 0 0 0
1 -0.6545515402259007 0.45620653824282653 -0.2866922076157547 0 0 0
1 0.7415495299777475 0.08076406336642432 -0.5461819639415934 0 0 0
1 -0.44997336313060604 0.664791416742872 -0.06810112255935763 0 0 0
1 0.21043245519102827 0.13784954520551188 -0.20332377441538302 0 0 0
1 0.459628364697742 -0.6525074826046464 -0.21477521660126672 0 0 0
1 -0.12246974761095383 -0.1569979255304341 0.6096111813712531 0 0 0
1 0.1640352580037922 0.11384276691695723 0.8391737792521519 0 0 0
1 0.35474931466949855 -0.8444962657875356 -0.0841628439816472 0 0 0
1 0.15895076454035179 -0.25958594852760386 0.7810436361764576 0 0 0
1 0.2725072168682206 -0.6697016939066182 -0.24358441426867045 0 0 0
1 0.6828948078864009 -0.38134433504620713 0.47698137724891937 0 0 0
1 -0.510637710497332 -0.46603265485361395 -0.06261579887936068 0 0 0
1 -0.8565408490261909 -0.2704186809437259 -0.18354130811952485 0 0 0
1 -0.62482963393574 -0.41396491213638686 -0.3181612789778841 0 0 0
1 -0.02104974121605156 0.30827446328748037 -0.8013254651754413 0 0 0
1 0.2745765745012684 -0.6468229503085801 -0.2253650655091275 0 0 0
1 0.2784008986539784 -0.03899048446765047 0.843880442242975 0 0 0
1 0.8187351204085422 -0.004217800734603751 0.08266488029780751 0 0 0
1 -0.2001999359433446 0.07071956277557985 0.15499068409903688 0 0 0
1 -0.4603158280642069 -0.1516625457992644 -0.32100353286805305 0 0 0
1 0.17577558762225975 -0.1314329936314515 -0.4738346727540195 0 0 0
1 -0.16221525540910356 -0.6047762256402452 -0.7042937154827117 0 0 0
1 0.32016183504005874 0.1102115477829643 0.8904814717616701 0 0 0
1 -0.5677051532019329 0.5471279195666561 0.02380715881816811 0 0 0
1 0.14559019543936613 -0.34793031453875706 -0.7743552771082453 0 0 0
1 0.02536860610746946 0.5670560973187194 -0.08805096624185542 0 0 0
1 0.3723846306757856 0.14822190055521295 0.09983228974176506 0 0 0
1 0.08987076207236976 0.89065834341372 0.0031372846060940323 0 0 0
1 0.5408830983707387 -0.44382394312999895 -0.29845012490629996 0 0 0
1 -0.2306323325787096 -0.9241067138724585 -0.06640949514167292 0 0 0
1 -0.8160388308739378 -0.006889753343668169 -0.5270753349669414 0 0 0
1 -0.170357038720688 0.1309850247745615 -0.029543320833611636 0 0 0
1 -0.2762904136444341 0.5586658386113803 -0.3042867590133908 0 0 0
1 -0.4487233648709471 -0.734496866202619 -0.11877461205237327 0 0 0
1 0.033844563861421144 0.14985455381340737 0.7436533875905932 0 0 0
1 -0.14374853387802974 -0.25326399133977723 0.5161782268449899 0 0 0
1 0.24878799926872877 -0.2915705793345241 -0.3267227836865229 0 0 0
1 0.10252838736148662 -0.4389557091622403 -0.5185607028064709 0 0 0
1 0.5940382303856658 0.013615323637070895 0.23225977393680064 0 0 0
1 -0.3148472541994909 0.8347406648687965 0.03437794819092209 0 0 0
1 -0.82886763037417 0.05526525848253399 0.18013182425359736 0 0 0
1 0.8701972300130101 0.13299056884542917 0.29132357735345044 0 0 0
1 0.28054009904245497 -0.668321946528683 0.037078122870227596 0 0 0
1 -0.5074606858468902 -0.684497052073467 -0.16501043896906065 0 0 0
1 -0.3778272122599212 -0.02792611537191924 0.8490463103517921 0 0 0
1 0.2917497844780174 -0.39559346861733 -0.2527797133494178 0 0 0
1 0.08816592392146062 -0.32852265490881477 0.008963421916154143 0 0 0
1 0.14437190479647852 -0.37840636815047096 0.1686422225166386 0 0 0
1 -0.08919863639664656 0.8397164271981468 -0.07656527558888433 0 0 0
1 0.06277190812646619 -0.875418010610813 0.02376065946854974 0 0 0
1 -0.1655230789218801 -0.2241866872015343 0.9396330898555323 0 0 0
1 -0.3147044490128474 -0.14205076717562726 -0.1506103600745805 0 0 0
1 -0.4782272323964339 -0.5143566039711337 0.158516350198333 0 0 0
1 0.6020365368768146 -0.344787052702413 -0.5796411217233808 0 0 0
1 -0.563713751154219 0.5433566893492194 -0.6072888348586735 0 0 0
1 0.8255654946194834 -0.2803567089022639 0.13996735908164107 0 0 0
1 -0.6869336965115382 0.4309114226111452 -0.4132380561651119 0 0 0
1 0.2717709379727157 0.223906602766577 -0.4267506245674204 0 0 0
1 -0.22592968110293904 -0.902150163586998 0.34039041081378274 0 0 0
1 0.17431285058061002 0.84970686764807 0.24292486323985146 0 0 0
1 0.28426667492772917 -0.16639073723560022 -0.6787851732244201 0 0 0
1 -0.27142079983275574 -0.04192945141569098 -0.3388740985708087 0 0 0
1 -0.13551809559046815 -0.3686408276181514 -0.7827696221704091 0 0 0
1 0.2096387689618484 -0.6606474462764941 0.6875459259626078 0 0 0
1 0.454347461520379 -0.634430410316073 -0.5635166470083802 0 0 0
1 0.7669814919968347 0.31949915918140687 0.4964620936920933 0 0 0
1 -0.6449579334193134 0.47335599302807807 0.5798487518903495 0 0 0
1 -0.6501095605158449 -0.3661334563923979 0.36333023229466216 0 0 0
1 0.6442671785574028 0.2371910404815647 0.24075943663360544 0 0 0
1 -0.26279215674935896 0.23607265929358245 0.061323888511072705 0 0 0
1 -0.13252524968616133 0.02595542096834554 -0.3378764438436347 0 0 0
1 -0.37257285543424395 -0.49172082869610034 -0.670335780781989 0 0 0
1 -0.009207528994722783 0.04424047798991226 0.6384737929923542 0 0 0
1 -0.8121958588974314 0.276391467586909 -0.14982337768706214 0 0 0
1 0.5467087132993196 -0.49553306027427596 -0.11524274395539277 0 0 0
1 -0.8484286415778821 -0.06738745449948527 0.08781914523890387 0 0 0
1 -0.4816068491213181 -0.47145384796707723 0.21886363068573952 0 0 0
1 0.6153926328745979 -0.5037713304002961 0.5926930565255155 0 0 0
1 0.5857168980148003 -0.1367147316318183 -0.7763070117723903 0 0 0
1 -0.3072269588833873 -0.6409006649775497 -0.4913675567325998 0 0 0
1 -0.03854393423494595 -0.13441440043340971 0.7297782515468777 0 0 0
1 0.049291904005018455 -0.2029306701598437 -0.6975728812353169 0 0 0
1 0.19157823972582833 0.6001677122852419 0.4228181739718949 0 0 0
1 -0.22017231867085096 0.8287038638381309 0.503365486030426 0 0 0
1 -0.2355410779633264 0.6342341982357622 0.020427516324092367 0 0 0
1 0.37856407316272694 -0.08722949773758785 -0.222583310640158 0 0 0
1 -0.16353980471018187 0.7686218537853035 0.6073202627768141 0 0 0
1 -0.24935016483182287 -0.22805757863866655 -0.2742986749530241 0 0 0
1 -0.3129312091420837 0.041489899193912605 -0.35965747448521707 0 0 0
1 -0.3643705890087829 0.2950027193990284 0.5267102079716046 0 0 0
1 -0.5691534243817364 -0.19910034113133304 0.25475681178181775 0 0 0
1 -0.4276687163789132 -0.7726063816164814 -0.31969388016424766 0 0 0
1 -0.85304225597917 -0.2562006838949726 0.1846191145944139 0 0 0
1 0.5273065963778298 0.5957095610785673 -0.15058727601191949 0 0 0
1 0.406666817673728 -0.24233750153640476 0.7692471315215454 0 0 0
1 -0.29924660856375984 0.3568639485481687 -0.6583849414226762 0 0 0
1 0.04424860431879484 -0.10982462431686264 -0.9193957590301173 0 0 0
1 0.10485066316533863 -0.4213567633944431 0.13066075079604547 0 0 0
1 -0.5302378818976708 -0.6389270365641582 0.2808605654183982 0 0 0
1 0.7525394022115908 -0.22428715656454098 -0.39046628972297825 0 0 0
1 -0.6301081947575567 -0.38869260735946426 -0.2554093205708984 0 0 0
1 0.03937526422241819 -0.5463647614174962 -0.3620034487426228 0 0 0
1 0.08034288227650595 0.4434196713915701 -0.2375284324139437 0 0 0
1 0.5758661322751771 -0.6591351103585188 -0.3416123464875301 0 0 0
1 0.7137282907646509 0.5781929831906147 0.17859849302105504 0 0 0
1 -0.6288267015664494 -0.3243832586207631 -0.5709662280814557 0 0 0
1 -0.03132058328807438 0.5535561167109704 -0.24772511688241455 0 0 0
1 -0.0714343620787487 -0.7140707988289434 -0.6726916195263967 0 0 0
1 -0.5115232306927976 -0.5976995251333187 -0.1426144784948527 0 0 0
1 0.11062402506092459 -0.6387623724101135 -0.5820103094054817 0 0 0
1 0.3427564306018555 0.4750863632733235 0.7477089371663235 0 0 0
1 -0.6502185832182646 0.5660096365936002 -0.4672761817698706 0 0 0
1 -0.5751020833841122 0.06860767129851864 0.42657963815600997 0 0 0
1 0.356588292770351 0.20365839030045887 0.3808635182280106 0 0 0
1 0.30269203812619644 0.22743485905758282 -0.23523137410754325 0 0 0
1 0.8374433009018565 -0.2342809102508677 -0.12674004653154097 0 0 0
1 0.6598108390755536 -0.4159474251666294 -0.2627090206191661 0 0 0
1 0.3402089812528431 0.8981983561921281 -0.1162175767981849 0 0 0
1 0.32323605450637255 -0.09084735832012977 -0.16954367918182897 0 0 0
1 0.41498017839263773 -0.14641811791907294 -0.2857435796470921 0 0 0
1 -0.1785639104935624 0.044778007866894384 0.015380564070702272 0 0 0
1 0.5731907054331528 -0.2905229608742096 0.6943463869735969 0 0 0
1 0.36876931940191315 0.24435083964933318 0.20590729311147205 0 0 0
1 0.47039776362630836 -0.26529372944877994 -0.5440903934143695 0 0 0
1 0.6396540282563249 -0.04301577625620873 -0.6763654906931486 0 0 0
1 0.09479155212159757 0.23701748387861316 -0.03758745391568582 0 0 0
1 -0.13691938165546677 0.7121984917341638 -0.5487455026474161 0 0 0
1 -0.22535213939334464 0.11105096664721469 -0.49076816661175926 0 0 0
1 -0.3169288207241819 -0.013750629093506916 0.02549388826848985 0 0 0
1 -0.3122311604677539 0.6230387921163772 0.13652683715264538 0 0 0
1 0.7197923753236184 0.046550146130898355 0.37926350336179343 0 0 0
1 -0.41987103844031787 -0.1804111863215057 -0.1819870390928003 0 0 0
1 0.9237761903556897 0.23151860697793705 -0.21290970643228163 0 0 0
1 0.5717244656006178 -0.2787803619878801 -0.2595184920561823 0 0 0
1 0.2954837331054684 0.33442625016864524 0.8816086222770892 0 0 0
1 -0.6552702149726507 0.15882817444178654 0.4524206832495533 0 0 0
1 -0.6922335686467002 0.012787806057242765 0.1539926778368639 0 0 0
1 0.52444967541362 -0.3714025962698664 -0.29019553597410264 0 0 0
1 -0.4910749049337701 0.8126719306146577 0.23291142587069757 0 0 0
1 -0.13015785315634196 0.7083090772739157 -0.6770641182946283 0 0 0
1 0.5244459142379546 0.20777953704095045 0.2890659200200753 0 0 0
1 -0.433787926474014 -0.24490243646714027 0.048985610528563386 0 0 0
1 0.20238853518054561 -0.4227858103678979 -0.7263256422013477 0 0 0
1 -0.8507933442886872 -0.16121126290119142 -0.2546768270052451 0 0 0
1 -0.6859923523732355 0.678897961663495 0.11134670598647792 0 0 0
1 -0.3265462036360635 -0.8178823724306081 -0.12119534742957484 0 0 0
1 0.313653509344922 0.03556326460077125 -0.04116979318297743 0 0 0
1 0.2972789271390511 0.020870118980083875 0.14024719827375595 0 0 0
1 0.8319205851571848 -0.06374392083744691 -0.2565638567313201 0 0 0
1 0.2890736975103314 -0.6337316700740055 0.10593187643451514 0 0 0
1 -0.2070739334592 -0.46431002211480804 -0.8057429519797612 0 0 0
1 0.21755602250263367 -0.7148093772732982 0.12245242446496457 0 0 0
1 -0.15416604034110815 -0.14255532692449055 -0.6538791517058545 0 0 0
1 -0.32014944670402906 -0.7288128119561906 0.42532591124584934 0 0 0
1 -0.9178890140344503 -0.18623353113662017 -0.09648983546750606 0 0 0
1 -0.146383823970059 0.311690469824053 -0.331194811157783 0 0 0
1 0.015109327371372095 0.3678745953100737 -0.14552286549044285 0 0 0
1 -0.467237532863013 0.17374341665779047 0.24387308761526313 0 0 0
1 -0.04112964843099612 0.702705253951319 0.5882624468218002 0 0 0
1 -0.5841864846263636 0.11489406595750455 0.5385180071391502 0 0 0
1 0.44781738735115534 -0.07086195181638866 0.4663545766948426 0 0 0
1 -0.1422061022368458 0.23930589701588534 0.05820858568041038 0 0 0
1 0.196679631291848 0.5679713466918244 0.5387697734570384 0 0 0
1 0.13204219748478277 -0.7189063800037467 0.3448607862544353 0 0 0
1 0.21442398663666629 -0.06201225441290098 -0.14230353284118838 0 0 0
1 0.361742216334349 0.45995893731300974 -0.28303281557362414 0 0 0
1 -0.3193652928573541 0.4718747375187225 -0.5293022063088123 0 0 0
1 0.42424793960660856 -0.5502864920743857 -0.5891089207289362 0 0 0
1 0.4929873277222972 -0.2681421041118048 0.5083022285684473 0 0 0
1 -0.10153899375294087 -0.635664790673816 0.6967488960423396 0 0 0
1 -0.2778655799684748 -0.054402341906831575 0.4302225334394182 0 0 0
1 -0.2646561736229423 -0.08872367586384192 -0.16405333893746965 0 0 0
1 0.5265141541464629 0.04602184503420649 -0.6746458172413592 0 0 0
1 -0.23846628732013023 -0.06729958322277357 0.5480508712637424 0 0 0
1 0.7483593064405186 -0.1722585699105527 -0.433533566049428 0 0 0
1 0.49553120991256727 0.5517613772806063 -0.36329236504241136 0 0 0
1 0.01264359646396474 -0.20943525623217057 -0.4631266080364159 0 0 0
1 0.6719222434281164 0.38888521962165307 0.3680616332799041 0 0 0
1 -0.3241972220668086 0.799335541374384 0.44707381237316196 0 0 0
1 0.45867024182766664 0.09898743771344302 0.43657717262470247 0 0 0
1 0.03113197910909649 -0.06233611258558756 -0.87540483427357 0 0 0
1 -0.18182555077043974 -0.0885226598196731 0.4788023088821534 0 0 0
1 -0.4957646273898736 0.16352848254721958 -0.8407428037036601 0 0 0
1 0.8794673056155633 -0.2317695839344312 0.23189024135007924 0 0 0
1 -0.2913781039348137 -0.09551050597601618 -0.6220667408243251 0 0 0
1 0.28107507819399413 -0.21097306077849845 -0.1812167384086967 0 0 0
1 -0.5635734523864507 -0.2605294354786029 0.5655185546016903 0 0 0
1 0.6029031143497952 0.47626080907859536 -0.346954737920181 0 0 0
1 -0.17756727152546262 -0.07105153869187684 0.37087010219680344 0 0 0
1 -0.35766783566520177 0.6138646670934554 -0.5266898647676085 0 0 0
1 -0.6012113520826893 0.0034797465814053836 0.6056223137439247 0 0 0
1 0.25532918876129107 -0.09699153664475223 0.5808573465914699 0 0 0
1 -0.8504751529294056 -0.14195598017567412 -0.04020270734762881 0 0 0
1 0.4462752491934585 0.8126189907422048 0.350948848007588 0 0 0
1 0.6960874960325217 -0.4897175874213097 -0.22226569993293707 0 0 0
1 -0.14908257738613884 0.16156259820006008 0.8968985208144281 0 0 0
1 0.8781858127210869 0.29155017268640343 0.08917086010202457 0 0 0
1 -0.10794077929712385 -0.12201714616198134 -0.6625376222419883 0 0 0
1 -0.0315029610769005 0.600901346428742 -0.31035461773928114 0 0 0
1 0.019127758912379538 -0.5883860433558582 0.7291935069840331 0 0 0
1 -0.6825102270868547 -0.4714350026317724 0.21273593378401495 0 0 0
1 0.24488559756921666 0.13225068225566208 0.28990180438953267 0 0 0
1 0.48437993256003475 0.26894656095138464 0.45224008908107877 0 0 0
1 -0.43784686266357176 -0.6741382205444197 0.3891058683337511 0 0 0
1 0.5787355500002757 -0.1908864714888047 0.35371822558676236 0 0 0
1 -0.3317844197309082 0.6905269175577267 0.2172360581148492 0 0 0
1 0.6854124542448707 -0.27730892469007673 -0.17950507702662752 0 0 0
1 -0.22752196992485346 0.09692407305322327 0.21568643738629603 0 0 0
1 0.6181431004915995 -0.713926681500758 -0.07833550944642209 0 0 0
1 -0.17186263872215346 -0.10570498229393972 -0.5951998568702312 0 0 0
1 0.15702187959329442 -0.07441502824996724 -0.12757155195887288 0 0 0
1 0.25397029558681783 -0.076388458304656 0.41992012667540013 0 0 0
1 0.5284922324224954 0.5339658778825859 -0.26836942351171955 0 0 0
1 0.10634416148825314 -0.4282668115689137 0.259372084016952 0 0 0
1 0.5216123868089086 -0.5352469690866498 -0.3541752911705395 0 0 0
1 0.08778715161734238 -0.6223172454337632 -0.06000803845631138 0 0 0
1 0.42465684056959824 -0.5711706976671775 -0.4742343949195863 0 0 0
1 -0.3481691872778983 -0.2604822413102652 -0.6393032754746385 0 0 0
1 0.46071906459350975 -0.8080483349304763 -0.15791935563428053 0 0 0
1 -0.49906177802713503 -0.06588167758487515 0.6001971723632507 0 0 0
1 -0.2287007286374685 -0.6745014649647456 0.19646034447317168 0 0 0
1 -0.24008156379825138 -0.00019622042446980302 -0.7602530813979947 0 0 0
1 0.010305937847077645 -0.220511066045253 0.11806951829399198 0 0 0
1 -0.20239799210224255 -0.15414330076600222 -0.5280491707793741 0 0 0
1 0.5250203440696736 -0.24070813761177637 0.3091299892243156 0 0 0
1 0.03937775730764117 -0.857543598002495 -0.4092553645307258 0 0 0
1 -0.3885199587158682 -0.09194879553171365 -0.2380853672374123 0 0 0
1 -0.4918161822602396 0.3683937897150038 -0.29528335750932627 0 0 0
1 0.464560674000394 -0.5127422841081123 -0.2929831844973888 0 0 0
1 -0.7418567634600852 -0.3570462841953697 0.3544748209293927 0 0 0
1 0.3199544335230699 0.2798262840102686 0.17068526066682135 0 0 0
1 0.48297666011749046 -0.8349797248749964 -0.1835585727406501 0 0 0
1 0.3873002020406359 -0.13847104593609952 -0.36984370447421794 0 0 0
1 0.07040702258785154 0.6572239692380346 0.2116729642582374 0 0 0
1 0.027037327285072896 -0.10795624452007227 -0.7687230517015341 0 0 0
1 -0.4123628160948442 -0.4410983356657672 -0.24405732816431988 0 0 0
1 0.4377959315540045 -0.10501594180636735 0.6255230492972158 0 0 0
1 0.11225722397516419 -0.6018486537978307 0.28104014073344025 0 0 0
1 -0.43696343415161265 -0.508785046991277 0.43611705997365907 0 0 0
1 0.24576411272967655 -0.7244974272320509 -0.18174977563349423 0 0 0
1 0.00423842118237044 0.5665953514898244 -0.29063889659369896 0 0 0
1 -0.17990398186460077 -0.44237510764192256 -0.018667860820710244 0 0 0
1 0.07987218344611056 -0.6192820187933711 0.460181726875419 0 0 0
1 0.18836925819581826 0.838986335629073 -0.1986137161529151 0 0 0
1 0.0906088398503146 -0.8621530939254585 0.2929611011623889 0 0 0
1 -0.5810664374805707 0.45686093319842197 -0.5359937413488874 0 0 0
1 0.7947760449326177 0.40142211208282985 -0.15637892412935475 0 0 0
1 0.9543538771703542 -0.002295810503904025 0.2453515834820217 0 0 0
1 -0.6056511310266313 -0.05628651756505873 0.0661637929422 0 0 0
1 -0.15050123866875945 0.41602478624842026 0.3802876391523587 0 0 0
1 -0.05118210217710903 0.9327708465171436 0.16313495801716987 0 0 0
1 -0.3183550553253853 0.625823864134297 0.24065314496474716 0 0 0
1 -0.2137485025923052 0.37518406816582306 0.44137339054712715 0 0 0
1 -0.2614483094692438 -0.43778818835268907 0.810439045884645 0 0 0
1 -0.08167553296956559 0.36847522914041186 -0.622101223879493 0 0 0
1 0.017526940163177088 0.5213255530506622 0.6074474712818104 0 0 0
1 -0.4451909954900856 0.8434334831771828 -0.20624310935031687 0 0 0
1 0.369331854064781 -0.3564783175939932 0.11781401423270814 0 0 0
1 0.2635785678892977 0.8909951134626335 -0.17692360265944373 0 0 0
1 -0.08339532518531853 -0.8556372074161352 -0.5070264367632004 0 0 0
1 0.03147742169537362 -0.8957529488578151 -0.23334906145632878 0 0 0
1 -0.27993503906245676 -0.23044831383403402 0.3212363268254429 0 0 0
1 0.025841930544623862 -0.1459355003721757 0.37473989515941286 0 0 0
1 -0.8920366843425968 -0.3564765930334679 0.15161773700591766 0 0 0
1 0.7522678704673025 -0.21522683417091554 0.5407184751968076 0 0 0
1 0.23512041994162602 0.1508959300776196 -0.7018097029235901 0 0 0
1 0.17658614966872205 0.7419650925750467 0.32647402074553 0 0 0
1 -0.43768868443750286 -0.7391105778151572 0.17455197446533677 0 0 0
1 -0.22908358905927453 0.031636423932647595 -0.3905737861728496 0 0 0
1 -0.0026945937234735995 0.7894074127828145 0.5474447942629109 0 0 0
1 -0.3086246770907082 -0.3203334549767341 -0.7309358306429266 0 0 0
1 0.31736131623135994 -0.6525794868479143 -0.10824558665853261 0 0 0
1 0.38749069740724185 0.29201555020518105 -0.1457013775615219 0 0 0
1 -0.555021347387436 0.5117507358395244 0.4852394238337988 0 0 0
1 0.6837859101468182 -0.6691483552054082 -0.26273850144176764 0 0 0
1 -0.044174807899124674 -0.8162639613693198 -0.2478649403638145 0 0 0
1 -0.05172826204830376 0.5499660247342574 0.23370295424353135 0 0 0
1 -0.3410284648200196 0.03191718717867227 0.7211789360585373 0 0 0
1 -0.2378794455431203 0.8909653790813716 0.1390635503301218 0 0 0
1 0.17287575626425705 0.47369809734631 0.05296284785610135 0 0 0
1 0.22887410185271467 0.5341161033918449 0.6861151400322058 0 0 0
1 0.09006755871381568 -0.5095150442909344 0.8009590160437601 0 0 0
1 -0.13609263693837917 -0.48585236931673254 0.20943239264806 0 0 0
1 0.1093622959139662 0.23224799073402558 0.9121415070069848 0 0 0
1 0.14858953791762722 -0.18250271439871618 0.08043462143747677 0 0 0
1 0.5600821841750752 -0.6140514027406192 0.45750303183843893 0 0 0
1 -0.20961049974222457 0.6506077343615727 -0.6742733548566671 0 0 0
1 -0.24091575755014324 -0.8371907069013274 -0.4767762365423223 0 0 0
1 -0.8044681267837868 0.2864696753704868 0.19848026765372598 0 0 0
1 -0.16797587585357654 0.35489789657843496 -0.19498506162677876 0 0 0
1 0.587621132618545 0.21097962228131092 0.03349642937002936 0 0 0
1 0.5291278602570116 -0.22395282857023943 0.6362414466957861 0 0 0
1 -0.24541625470064532 0.5825544903560564 0.27526280987893387 0 0 0
1 0.642305101052965 -0.15255852298515224 -0.6374616463208597 0 0 0
1 0.07640213333582363 0.42888093209978734 -0.29488905442429286 0 0 0
1 -0.24034631733249387 0.23827761327500965 -0.04030126567126659 0 0 0
1 -0.3804395674826355 0.2000065438695209 0.8718160597092898 0 0 0
1 -0.5704901933535839 0.35070601138279495 -0.7394585239850581 0 0 0
1 -0.12126691546077917 -0.23421282096924956 -0.4151340346966681 0 0 0
1 0.6416348852317931 -0.1900477644884097 0.6608901406808662 0 0 0
1 -0.4536726669045415 0.01734847443229348 0.3143995998416665 0 0 0
1 -0.051804896340386035 0.15954640869682726 -0.050410913117960456 0 0 0
1 0.1893411761029396 0.6078330112940469 0.0021173290959663983 0 0 0
1 -0.07905875560820251 0.15220235353371936 0.5048280309557598 0 0 0
1 0.007153513339093666 0.09791679897306749 0.013664592840305759 0 0 0
1 -0.39957067357738235 -0.19491589760880693 -0.7177809929146821 0 0 0
1 0.7909623626174048 0.2710884837512626 0.1971962173859129 0 0 0
1 -0.005510872822799362 0.047725197351625774 0.3789869124423973 0 0 0
1 -0.6533630210174025 0.14809379274778803 -0.5162522329648291 0 0 0
1 -0.594046593689362 -0.2801798228552727 -0.32115412565845086 0 0 0
1 0.8856316017527389 -0.0056543718791516075 0.11317485527717407 0 0 0
1 -0.8672011693867947 -0.1827343298496525 0.03349937928501322 0 0 0
1 0.6753164870210441 -0.5136661684279414 -0.5139326500759926 0 0 0
1 -0.28193070098910405 -0.7209075790092342 -0.12974706479710177 0 0 0
1 -0.1741091866469679 -0.3866862437694565 -0.4691126960827058 0 0 0
1 -0.21068331137512417 -0.4200538665297687 -0.19272618446953288 0 0 0
1 0.2576489468114647 -0.7205880554143318 0.3938684505615941 0 0 0
1 0.00047283623416216874 0.033033676439323464 0.24763392865749073 0 0 0
1 -0.5775745183804254 -0.0360400358684042 -0.5009046761428027 0 0 0
1 0.11113185976706284 -0.04000446576848079 -0.2090724165307215 0 0 0
1 -0.3662187165511551 -0.844816905713423 0.17688900001111335 0 0 0
1 0.40041254843524227 0.5042269609100395 -0.6064163472219528 0 0 0
1 -0.807400996487064 -0.2650485931239988 -0.47112776670734796 0 0 0
1 -0.4910710416277105 0.5575952174142383 0.14610914304412959 0 0 0
1 -0.29504223659252093 -0.6177493720493934 0.027217809137239608 0 0 0
1 0.08072670929815855 -0.3783234167766302 0.8029297102566257 0 0 0
1 0.5009923969662595 0.7437320215835328 0.4287246405771858 0 0 0
1 -0.694719770783953 0.2801426333907867 0.3197620459042867 0 0 0
1 -0.8343059338636915 -0.2466342081183353 -0.14422558326107843 0 0 0
1 0.2765036207165646 -0.434253015308677 -0.6753534279536324 0 0 0
1 -0.4579581791528811 -0.3926909870392772 -0.08719812816698368 0 0 0
1 0.9158747587049584 0.12705329442704716 -0.3788964330767121 0 0 0
1 0.11699099136939428 0.8634335996790422 -0.2929449042076677 0 0 0
1 0.431110645527794 -0.4950679772613387 -0.6121412319174471 0 0 0
1 0.25819693990064424 -0.45690557266661697 -0.3591375657556245 0 0 0
1 0.5743153013631421 -0.3500842430773528 -0.35543267229149683 0 0 0
1 -0.23772588573823702 0.05815678586323238 -0.17474429540191602 0 0 0
1 0.09994289917531246 -0.5045326623283829 0.674824731295312 0 0 0
1 0.2970229361491728 0.43696255648729226 0.31607271672419235 0 0 0
1 0.25450517401826545 -0.1113029266237575 0.6234748973438122 0 0 0
1 0.2544435981875178 0.0453478897582817 -0.13973003779443377 0 0 0
1 -0.1308998790319583 -0.9084555512764669 -0.07842291904921404 0 0 0
1 0.11605433388135518 -0.03627359788365578 -0.5834517060890498 0 0 0
1 -0.7351668889103314 -0.15904422162605808 0.14341989060731045 0 0 0
1 0.05475897354660632 0.21278033234146188 0.6358641533949181 0 0 0
1 0.20667498237070472 -0.4947169245736691 -0.015178473886545443 0 0 0
1 0.39709638982649265 -0.5605783251961912 0.09698188226189444 0 0 0
1 -0.63560564011964 0.46484113789847514 -0.17048624167549342 0 0 0
1 0.6360280553590585 0.07668683308379041 -0.7302570175856654 0 0 0
1 -0.3753784428011574 -0.0789360798163477 -0.37898876378226676 0 0 0
1 -0.41755210846002133 0.252958206907459 -0.796198594960351 0 0 0
1 0.2682770380859842 -0.1463378317692473 -0.7622300676906592 0 0 0
1 0.3678783316820554 -0.06994375201181631 0.22019877232549334 0 0 0
1 -0.07553322377378328 -0.20090921567215134 0.9055076087553086 0 0 0
1 -0.37921061336583217 -0.6266411404432826 -0.4278013007887722 0 0 0
1 -0.13456578603663455 0.8110035656221035 0.4850994641111004 0 0 0
1 0.46952785547761694 0.47415279412211453 0.07335758066232927 0 0 0
1 0.6375547307302071 0.14800537814490772 -0.10743881075304271 0 0 0
1 -0.44674966198981725 -0.08878154177626868 0.12592229444947775 0 0 0
1 0.6106091231722159 -0.1480519029459722 0.6764769374062347 0 0 0
1 -0.6481434889117648 0.5495967532488306 -0.43627256926865904 0 0 0
1 -0.06800121896947699 -0.18238386950953778 -0.7804651234964123 0 0 0
1 -0.35554470551216427 0.44896537900209665 -0.09865080869500928 0 0 0
1 0.5059155849665294 0.2510978139988037 -0.4939879722038142 0 0 0
1 -0.28797570982489856 0.4471665194443338 0.31362703690993754 0 0 0
1 -0.5885725990870224 0.2954474261117763 -0.594334924193765 0 0 0
1 -0.25421278805672765 -0.0722879667831337 0.6273599053694222 0 0 0
1 -0.13080327431002328 -0.44017159444500525 -0.10756112403076813 0 0 0
1 0.6932053700817385 0.07021074871291982 0.31995345428734284 0 0 0
1 0.6947384237526112 -0.32744078873250826 -0.5664586193254849 0 0 0
1 0.24074580594311917 0.4275295238823418 0.8053458372184541 0 0 0
1 -0.08877122574656214 0.20471190458915878 0.628782570915794 0 0 0
1 0.5558014048364046 -0.22765171843107115 -0.551016178620382 0 0 0
1 -0.3943828671437931 -0.11076230818633774 0.6110579782560466 0 0 0
1 0.8556280107479556 0.1104321788208614 -0.07013278627743649 0 0 0
1 0.6924591623610721 0.07428901971232278 0.3770052602353918 0 0 0
1 0.96501331938871 0.1652259994538353 -0.19480848012789534 0 0 0
1 0.5248955977815057 -0.4969706690677666 0.10570326561122763 0 0 0
1 -0.47078498896097803 -0.6611424779608182 -0.34584166771531455 0 0 0
1 -0.6078892869815518 0.1732414714508692 0.22349241428993602 0 0 0
1 -0.40839509333036794 0.12628352290202743 -0.6791080294102761 0 0 0
1 -0.6350540908348095 0.7692120751859183 0.04844459900132284 0 0 0
1 -0.09585082712292585 -0.00915814241084174 -0.31071043016288996 0 0 0
1 0.07264543679418115 -0.6311336567320839 -0.1807211632741257 0 0 0
1 -0.8613130735493734 -0.16559152350156026 0.3201168923755288 0 0 0
1 -0.7718461891165251 -0.4689986547941735 0.3950949352572515 0 0 0
1 -0.3651734979897744 -0.15705985995981966 -0.6896161037786522 0 0 0
1 0.42746561620165535 -0.38005350414635986 0.3927427048353311 0 0 0
1 -0.3078097123153761 0.03192176896691247 -0.41331268974194557 0 0 0
1 0.24618740883386261 0.32714033280059956 -0.7266707381611458 0 0 0
1 0.013449778330221453 0.08174397996953885 0.7953204765048465 0 0 0
1 0.27427276428171715 -0.17169725727571472 0.2297456783354584 0 0 0
1 0.49538907625076833 -0.4966676943161047 0.2275883947988216 0 0 0
1 -0.8552590768888503 -0.042232119045141354 -0.41293354976673696 0 0 0
1 -0.04453035458620658 0.8058518151083716 -0.010029416124311468 0 0 0
1 0.3904350307231987 -0.25822373936682547 -0.7474328708615782 0 0 0
1 0.7638886038826612 -0.3031359004418116 -0.5207917450024153 0 0 0
1 0.05301797336857862 0.33757566571955777 0.4408755176702245 0 0 0
1 0.7728147499378806 -0.24235388167493527 -0.17287953460212846 0 0 0
1 -0.6620403953848485 0.1917580397078071 0.489954290039992 0 0 0
1 0.4975664444257261 -0.034651688098949265 0.09513591476228425 0 0 0
1 0.479107885433811 0.7477245421847761 -0.25009257833321846 0 0 0
1 0.1891664352583638 0.7600939788766348 -0.3997762301158181 0 0 0
1 0.24641382925018085 0.6435251780197562 0.22635486048656475 0 0 0
1 0.7100760464764416 -0.4195809917014183 -0.03415422157984108 0 0 0
1 0.5978851639059405 -0.18108193225862373 0.39415327346828855 0 0 0
1 -0.1401035079460765 0.09883621529846309 0.47229518148346084 0 0 0
1 0.8590379851206558 0.19562176323658814 -0.0399180271404869 0 0 0
1 -0.5417945165165651 -0.501331207296783 0.6415170423204671 0 0 0
1 -0.3438946651012851 0.26610903315734874 -0.7725730041261849 0 0 0
1 -0.051921424577266014 0.666089450184099 0.23325146066358646 0 0 0
1 0.3064295742821441 -0.17692268083251594 -0.16414827774039156 0 0 0
1 0.012873858294304623 -0.2339430704946836 -0.03527292322938728 0 0 0
1 0.3959913263877854 0.27174188364925905 -0.537483009563447 0 0 0
1 0.22106955428448555 0.6469059795748947 -0.15538336944427136 0 0 0
1 0.27790451794076243 -0.15652890946712128 -0.616421059410009 0 0 0
1 -0.5527336260970691 -0.17956683984525051 0.20890966878007391 0 0 0
1 -0.254138255973911 0.06062115838318153 0.17365058091526261 0 0 0
1 0.31769361769738147 -0.0027142772568943467 -0.6724538237945785 0 0 0
1 -0.42967250781886923 -0.7328978167113985 -0.2986180022083232 0 0 0
1 0.971241822009695 -0.08659512985145619 0.1545328147146972 0 0 0
1 -0.07426400092450244 -0.2946901645670508 -0.6438171762427717 0 0 0
1 0.02822830031741857 -0.3609547367258113 -0.7123183077640871 0 0 0
1 -0.5312491671414724 -0.42106492619402675 0.4512299073222895 0 0 0
1 -0.4710391043963188 -0.5536576913579667 -0.3615099280670605 0 0 0
1 0.10104005510790375 0.13857957352708916 -0.1915852593644558 0 0 0
1 -0.4197940768999581 0.5748017402949311 0.325281950151469 0 0 0
1 0.010373272939256129 0.47312018652382065 0.6155228268913018 0 0 0
1 -0.3681020624002941 -0.15493287689134097 0.3379480392215678 0 0 0
1 -0.49626758305700613 -0.3866648114095981 -0.7515727419486231 0 0 0
1 0.3675263993377706 0.14321078074954785 -0.8429352738508472 0 0 0
1 0.49738883584649435 0.6514861471264307 -0.0590564492813399 0 0 0
1 -0.04242323213853156 -0.6426029654119998 -0.05181641665325913 0 0 0
1 -0.8903480147365739 0.3161726571605032 -0.22824159322540963 0 0 0
1 0.24691551005313273 -0.11233307786957847 -0.1868012222607227 0 0 0
1 -0.2358143254803631 0.6150481213430121 -0.43557289530135895 0 0 0
1 -0.4028254995113076 -0.12523971423922511 -0.3740137894052435 0 0 0
1 -0.8307741516563439 -0.25292612183090357 0.26510865283771823 0 0 0
1 0.17650938966227211 0.09238184172929656 -0.24937318834716343 0 0 0
1 0.4609837869157715 -0.07003209843714762 -0.41814302656904806 0 0 0
1 -0.25712333325106623 -0.8989565088684388 -0.19780238399067218 0 0 0
1 0.36105703909771575 0.16455049560466295 -0.2504015737216496 0 0 0
1 0.6791673595681391 -0.23035262212270596 0.04092370356729437 0 0 0
1 0.4987983451504685 -0.5222656019170492 -0.4489126889899786 0 0 0
1 0.2518303946880695 -0.7666491155321726 0.24085545920542903 0 0 0
1 0.006326505509619764 -0.5094482295312447 0.2026248322608951 0 0 0
1 -0.6762681947002398 0.4418456308421654 0.1509268507138217 0 0 0
1 -0.19218459281751274 -0.3453104813596342 -0.17164273661800195 0 0 0
1 0.6499118594677525 0.38355792896684027 -0.6268680097808944 0 0 0
1 -0.44603611836595874 -0.2181500327240823 0.2498770383240763 0 0 0
1 0.8380742440676895 0.15126100746224197 0.4265681022809634 0 0 0
1 -0.42444262217331197 -0.08696218141999723 -0.21171023673826167 0 0 0
1 0.2883585680543445 0.5562872894875002 -0.089623904480729 0 0 0
1 0.3868248810175449 -0.4387036361971727 0.13762371998013825 0 0 0
1 0.43397696934940444 0.7556691095392434 -0.17568485761517733 0 0 0
1 0.492380721291474 -0.20653461519168967 0.6633232931000258 0 0 0
1 0.062362063863213676 -0.06557246064741874 -0.31519222454318285 0 0 0
1 -0.378060581180916 -0.27295065965624865 -0.7642611791846273 0 0 0
1 -0.5248959242482191 0.1470427448923298 0.21328123354324754 0 0 0
1 0.35790967756267816 -0.732008612039796 -0.4806341270981118 0 0 0
1 0.7182700934432389 -0.037195155515792735 -0.6863573840108544 0 0 0
1 -0.6531032600482961 -0.04403210004442628 0.41864948807969155 0 0 0
1 -0.07176068949377573 0.05041328335349902 0.8135244130061573 0 0 0
1 -0.6451253302992493 -0.41311566225404184 0.2047551602385003 0 0 0
1 0.190197207467173 -0.6378209027842304 -0.13257837407382966 0 0 0
1 0.0753546432670793 -0.467999319248513 0.5553270705706302 0 0 0
1 0.20319805507180735 0.7211868314979666 -0.25226017712388793 0 0 0
1 -0.5614226843975026 -0.06379385102544799 -0.1587168116003045 0 0 0
1 0.2805440380590286 0.7315530174814231 0.3007181720322894 0 0 0
1 -0.4519283698035526 -0.5554701531474636 -0.09673766955342478 0 0 0
1 0.5479902305878244 -0.0345649219924283 -0.28178619927782295 0 0 0
1 -0.4010456050014792 -0.7356644427238893 -0.1361029492239725 0 0 0
1 -0.301453593522432 -0.6184786724820552 -0.36349624774184414 0 0 0
1 0.002703943517264877 -0.023064754133848273 0.7754393336007556 0 0 0
1 0.6014257714148237 -0.22937308240253299 0.2296919204225189 0 0 0
1 -0.32193447130330316 -0.6618698306485834 0.6164283216530203 0 0 0
1 -0.20118988946012548 0.14171060748755046 0.19070909503869118 0 0 0
1 0.2770924735576883 -0.6637638940856762 0.29298816082985407 0 0 0
1 -0.1419201726436584 0.9396126155834016 0.1768894177666372 0 0 0
1 -0.15937165092914482 -0.6787220421446511 0.32760543778190065 0 0 0
1 0.9916158671287096 0.10948760445128448 -0.04139442623017833 0 0 0
1 0.10198843326385681 0.42980453398858054 0.7018200991267425 0 0 0
1 -0.46367513975315944 -0.3928172895439892 0.619399069444788 0 0 0
1 0.1093052548461975 0.6290526442750389 0.6520313756995072 0 0 0
1 0.25327174281403814 0.35329064925930104 0.7242050752466627 0 0 0
1 0.5740359873198181 -0.3732254490845272 -0.24046679968765497 0 0 0
1 -0.032028977963029885 0.5547592127308704 0.41349494003338716 0 0 0
1 -0.19600764684364455 -0.5375711185374233 0.6885398704100837 0 0 0
1 0.7849006433646375 0.14918447303956806 0.11137760623671447 0 0 0
1 0.4420563540452551 0.018808945899605342 -0.8018015756392561 0 0 0
1 -0.19969086716790393 0.5384489550594086 0.6196674746782663 0 0 0
1 0.1339551591699932 -0.32443053209259 0.46981890558458317 0 0 0
1 0.4310481998890614 -0.29884555970621984 0.7576744541024854 0 0 0
1 0.03355203200946431 -0.45257167948652033 -0.7781398329580655 0 0 0
1 0.1317972304678255 -0.4871143552791756 0.631695925512703 0 0 0
1 -0.43135978763162447 0.4833004717382341 -0.6496178915863245 0 0 0
1 0.28848876238991705 -0.026631805734235285 0.7870109742601779 0 0 0
1 -0.36946662383456397 0.19949825291485415 -0.21152771939514056 0 0 0
1 -0.33314157294623703 -0.02843379080006539 -0.15390046928970344 0 0 0
1 -0.8887853004083549 -0.43583096567957 -0.024967202219919066 0 0 0
1 0.5357324086936265 0.5399515216308244 -0.5571613798408085 0 0 0
1 0.14296324581750938 -0.5485996504437802 -0.01459705720298729 0 0 0
1 -0.4144633135736908 -0.15821119366991265 0.14830973728836497 0 0 0
1 0.555989771756941 0.519601701740893 0.07252234004516278 0 0 0